Data
0;468

1;319

2;309

3;302

4;298

5;553

6;563

7;506

8;522

9;534

10;609

11;584

12;530

13;526

14;548

15;608

16;626

17;648

18;585

19;643

20;576

21;527

22;564

23;598

24;548

25;553

26;546

27;672

28;552

29;614

30;566

31;568

32;562

33;605

34;720

35;580

36;627

37;654

38;624

39;612

40;563

41;552

42;555

43;589

44;624

45;569

46;683

47;649

48;705

49;579

50;1039

51;628

52;603

53;651

54;580

55;598

56;633

57;629

58;618

59;588

60;576

61;670

62;730

63;657

64;652

65;640

66;646

67;634

68;609

69;618

70;703

71;718

72;630

73;616

74;594

75;586

76;593

77;657

78;543

79;608

80;584

81;582

82;643

83;653

84;565

85;719

86;592

87;669

88;612

89;630

90;649

91;571

92;560

93;582

94;595

95;566

96;575

97;604

98;574

99;662

100;594

101;593

102;663

103;608

104;558

105;644

106;581

107;594

108;575

109;590

110;604

111;703

112;657

113;610

114;619

115;663

116;600

117;628

118;570

119;558

120;579

121;605

122;578

123;693

124;544

125;614

126;666

127;601

128;613

129;592

130;697

131;541

132;526

133;606

134;524

135;648

136;563

137;579

138;592

139;579

140;649

141;566

142;599

143;556

144;544

145;610

146;570

147;640

148;569

149;562

150;641

151;603

152;724

153;503

154;564

155;584

156;601

157;518

158;588

159;640

160;579

161;566

162;605

163;614

164;557

165;594

166;582

167;668

168;559

169;621

170;606

171;492

172;714

173;604

174;585

175;605

176;590

177;593

178;589

179;565

180;525

181;572

182;547

183;587

184;523

185;588

186;615

187;556

188;657

189;567

190;521

191;583

192;586

193;517

194;746

195;610

196;563

197;609

198;567

199;533

200;582

201;611

202;614

203;556

204;584

205;562

206;596

207;567

208;561

209;592

210;586

211;541

212;562

213;545

214;838

215;534

216;657

217;546

218;596

219;638

220;566

221;550

222;586

223;639

224;607

225;603

226;616

227;590

228;627

229;605

230;630

231;561

232;565

233;502

234;668

235;682

236;581

237;572

238;601

239;623

240;580

241;596

242;604

243;530

244;617

245;716

246;575

247;653

248;597

249;584

250;547

251;613

252;607

253;602

254;563

255;578

256;615

257;607

258;595

259;605

260;580

261;610

262;614

263;659

264;651

265;637

266;598

267;631

268;620

269;623

270;606

271;641

272;664

273;741

274;706

275;709

276;633

277;736

278;763

279;651

280;700

281;761

282;719

283;670

284;728

285;669

286;703

287;681

288;659

289;832

290;673

291;703

292;689

293;1866

294;633

295;682

296;695

297;614

298;634

299;706

300;678

301;704

302;759

303;661

304;666

305;672

306;727

307;684

308;716

309;894

310;729

311;724

312;695

313;710

314;804

315;1491

316;680

317;699

318;695

319;766

320;690

321;710

322;764

323;751

324;694

325;699

326;680

327;704

328;688

329;674

330;732

331;686

332;642

333;668

334;671

335;659

336;659

337;612

338;676

339;642

340;682

341;670

342;680

343;698

344;652

345;651

346;651

347;733

348;665

349;693

350;643

351;822

352;661

353;657

354;819

355;627

356;747

357;693

358;694

359;602

360;600

361;607

362;544

363;578

364;561

365;656

366;656

367;559

368;513

369;668

370;516

371;604

372;601

373;564

374;553

375;538

376;515

377;570

378;535

379;544

380;545

381;537

382;518

383;520

384;603

385;564

386;524

387;521

388;641

389;536

390;542

391;510

392;516

393;512

394;572

395;528

396;509

397;621

398;494

399;597

400;510

401;562

402;507

403;539

404;579

405;536

406;508

407;557

408;534

409;535

410;514

411;552

412;571

413;572

414;490

415;508

416;569

417;524

418;588

419;552

420;554

421;539

422;539

423;590

424;519

425;600

426;548

427;562

428;506

429;610

430;537

431;528

432;636

433;502

434;493

435;488

436;562

437;513

438;611

439;515

440;508

441;566

442;530

443;606

444;557

445;579

446;542

447;546

448;669

449;705

450;573

451;536

452;554

453;588

454;558

455;516

456;576

457;512

458;565

459;524

460;578

461;556

462;488

463;547

464;625

465;476

466;534

467;551

468;518

469;476

470;578

471;516

472;578

473;495

474;549

475;520

476;486

477;537

478;480

479;530

480;518

481;563

482;556

483;533

484;579

485;642

486;544

487;590

488;530

489;517

490;478

491;505

492;652

493;576

494;753

495;487

496;554

497;578

498;559

499;530

500;533

501;566

502;555

503;564

504;531

505;498

506;503

507;521

508;546

509;504

510;534

511;564

512;502

513;462

514;522

515;545

516;544

517;514

518;530

519;531

520;558

521;567

522;478

523;516

524;578

525;504

526;535

527;524

528;527

529;531

530;537

531;515

532;496

533;528

534;490

535;530

536;532

537;556

538;550

539;554

540;541

541;588

542;575

543;506

544;601

545;503

546;611

547;523

548;470

549;505

550;594

551;542

552;538

553;499

554;518

555;518

556;476

557;514

558;571

559;568

560;524

561;494

562;464

563;537

564;600

565;528

566;483

567;495

568;615

569;550

570;475

571;551

572;504

573;523

574;526

575;478

576;514

577;538

578;558

579;500

580;521

581;530

582;519

583;536

584;544

585;495

586;528

587;520

588;508

589;672

590;551

591;542

592;554

593;506

594;486

595;512

596;505

597;585

598;509

599;528

600;528

601;583

602;558

603;526

604;509

605;741

606;636

607;528

608;558

609;514

610;534

611;503

612;459

613;514

614;571

615;566

616;509

617;561

618;531

619;538

620;511

621;544

622;534

623;537

624;535

625;520

626;553

627;484

628;546

629;490

630;552

631;500

632;578

633;496

634;545

635;461

636;544

637;537

638;568

639;514

640;577

641;546

642;572

643;533

644;460

645;546

646;526

647;626

648;544

649;512

650;519

651;519

652;499

653;503

654;527

655;634

656;779

657;1104

658;487

659;516

660;576

661;529

662;540

663;473

664;512

665;528

666;502

667;537

668;532

669;572

670;504

671;558

672;483

673;533

674;516

675;554

676;556

677;629

678;471

679;502

680;543

681;532

682;500

683;565

684;463

685;489

686;491

687;508

688;484

689;506

690;475

691;564

692;483

693;599

694;513

695;511

696;522

697;514

698;502

699;675

700;544

701;503

702;514

703;524

704;530

705;524

706;489

707;554

708;546

709;577

710;529

711;521

712;549

713;577

714;720

715;462

716;518

717;554

718;522

719;531

720;528

721;521

722;516

723;532

724;460

725;559

726;544

727;610

728;550

729;561

730;513

731;552

732;508

733;521

734;548

735;522

736;569

737;534

738;608

739;574

740;501

741;578

742;510

743;497

744;506

745;492

746;575

747;501

748;507

749;495

750;544

751;518

752;551

753;508

754;521

755;517

756;489

757;589

758;540

759;900

760;563

761;540

762;536

763;535

764;542

765;490

766;586

767;505

768;628

769;520

770;499

771;548

772;454

773;551

774;609

775;520

776;663

777;516

778;478

779;550

780;597

781;562

782;506

783;561

784;546

785;562

786;512

787;478

788;530

789;514

790;1037

791;502

792;601

793;546

794;578

795;526

796;513

797;510

798;574

799;529

800;534

801;565

802;578

803;562

804;524

805;528

806;486

807;502

808;530

809;546

810;554

811;530

812;624

813;510

814;623

815;505

816;521

817;548

818;646

819;514

820;586

821;535

822;662

823;522

824;518

825;550

826;556

827;664

828;560

829;522

830;556

831;539

832;559

833;589

834;568

835;573

836;512

837;502

838;564

839;496

840;530

841;558

842;550

843;524

844;534

845;578

846;514

847;502

848;630

849;603

850;491

851;514

852;600

853;541

854;540

855;526

856;504

857;529

858;522

859;493

860;570

861;555

862;582

863;522

864;510

865;546

866;556

867;802

868;775

869;524

870;544

871;554

872;548

873;518

874;494

875;524

876;498

877;562

878;574

879;493

880;523

881;480

882;524

883;540

884;612

885;493

886;519

887;522

888;634

889;530

890;519

891;506

892;630

893;514

894;518

895;487

896;529

897;583

898;597

899;535

900;532

901;574

902;523

903;532

904;526

905;596

906;535

907;550

908;578

909;556

910;556

911;521

912;518

913;502

914;533

915;480

916;550

917;515

918;530

919;1142

920;565

921;564

922;516

923;547

924;518

925;558

926;512

927;564

928;542

929;546

930;566

931;560

932;583

933;554

934;578

935;562

936;582

937;610

938;572

939;588

940;502

941;1358

942;547

943;516

944;539

945;594

946;560

947;631

948;546

949;564

950;554

951;504

952;505

953;513

954;576

955;629

956;558

957;516

958;611

959;530

960;537

961;551

962;620

963;590

964;494

965;548

966;511

967;714

968;492

969;532

970;534

971;549

972;582

973;576

974;565

975;527

976;548

977;559

978;540

979;527

980;536

981;516

982;544

983;492

984;563

985;644

986;542

987;498

988;511

989;595

990;645

991;529

992;529

993;492

994;554

995;534

996;587

997;618

998;548

999;550

1000;534

1001;538

1002;550

1003;544

1004;573

1005;551

1006;562

1007;539

1008;514

1009;621

1010;516

1011;658

1012;497

1013;531

1014;595

1015;547

1016;605

1017;573

1018;589

1019;503

1020;501

1021;523

1022;538

1023;554

1024;567

1025;599

1026;550

1027;576

1028;501

1029;597

1030;526

1031;566

1032;616

1033;558

1034;552

1035;539

1036;492

1037;547

1038;536

1039;546

1040;549

1041;530

1042;583

1043;568

1044;561

1045;525

1046;607

1047;536

1048;565

1049;513

1050;518

1051;507

1052;531

1053;539

1054;510

1055;520

1056;535

1057;570

1058;527

1059;589

1060;900

1061;553

1062;529

1063;555

1064;556

1065;544

1066;565

1067;556

1068;620

1069;579

1070;591

1071;540

1072;530

1073;550

1074;502

1075;530

1076;562

1077;522

1078;583

1079;512

1080;539

1081;903

1082;694

1083;530

1084;558

1085;536

1086;536

1087;562

1088;554

1089;549

1090;561

1091;674

1092;630

1093;620

1094;541

1095;605

1096;595

1097;618

1098;565

1099;576

1100;559

1101;574

1102;567

1103;564

1104;656

1105;609

1106;568

1107;579

1108;626

1109;600

1110;616

1111;972

1112;648

1113;598

1114;569

1115;588

1116;652

1117;614

1118;574

1119;607

1120;636

1121;645

1122;588

1123;646

1124;590

1125;660

1126;667

1127;642

1128;620

1129;596

1130;640

1131;708

1132;647

1133;634

1134;686

1135;636

1136;650

1137;680

1138;674

1139;640

1140;668

1141;668

1142;702

1143;692

1144;682

1145;884

1146;733

1147;687

1148;675

1149;677

1150;708

1151;752

1152;647

1153;658

1154;782

1155;656

1156;629

1157;618

1158;623

1159;605

1160;621

1161;658

1162;643

1163;647

1164;626

1165;712

1166;662

1167;613

1168;601

1169;642

1170;705

1171;606

1172;670

1173;611

1174;652

1175;594

1176;628

1177;638

1178;608

1179;624

1180;594

1181;590

1182;593

1183;645

1184;663

1185;603

1186;569

1187;636

1188;638

1189;643

1190;593

1191;601

1192;640

1193;614

1194;652

1195;657

1196;660

1197;660

1198;592

1199;630

1200;607

1201;711

1202;625

1203;634

1204;686

1205;586

1206;732

1207;607

1208;710

1209;617

1210;835

1211;624

1212;621

1213;610

1214;626

1215;741

1216;570

1217;624

1218;598

1219;596

1220;575

1221;636

1222;606

1223;750

1224;668

1225;588

1226;673

1227;620

1228;653

1229;685

1230;626

1231;593

1232;622

1233;585

1234;628

1235;702

1236;636

1237;626

1238;618

1239;646

1240;692

1241;675

1242;706

1243;659

1244;674

1245;678

1246;738

1247;738

1248;727

1249;771

1250;802

1251;768

1252;804

1253;832

1254;837

1255;839

1256;868

1257;849

1258;854

1259;920

1260;837

1261;862

1262;896

1263;920

1264;972

1265;876

1266;868

1267;872

1268;821

1269;781

1270;705

1271;816

1272;762

1273;744

1274;675

1275;783

1276;684

1277;706

1278;762

1279;640

1280;704

1281;692

1282;826

1283;630

1284;651

1285;654

1286;713

1287;662

1288;623

1289;668

1290;683

1291;685

1292;734

1293;745

1294;727

1295;705

1296;636

1297;657

1298;639

1299;779

1300;682

1301;698

1302;697

1303;695

1304;687

1305;738

1306;753

1307;717

1308;691

1309;704

1310;716

1311;656

1312;869

1313;700

1314;676

1315;734

1316;743

1317;701

1318;738

1319;738

1320;718

1321;732

1322;737

1323;754

1324;725

1325;700

1326;714

1327;713

1328;716

1329;732

1330;735

1331;778

1332;845

1333;770

1334;754

1335;810

1336;824

1337;958

1338;796

1339;875

1340;1237

1341;864

1342;761

1343;850

1344;776

1345;686

1346;739

1347;760

1348;774

1349;772

1350;810

1351;831

1352;693

1353;764

1354;748

1355;730

1356;786

1357;804

1358;734

1359;706

1360;773

1361;779

1362;725

1363;733

1364;815

1365;743

1366;785

1367;759

1368;718

1369;703

1370;692

1371;758

1372;751

1373;676

1374;688

1375;667

1376;711

1377;796

1378;662

1379;770

1380;702

1381;673

1382;684

1383;737

1384;672

1385;704

1386;702

1387;659

1388;664

1389;698

1390;680

1391;688

1392;663

1393;680

1394;690

1395;704

1396;902

1397;776

1398;705

1399;734

1400;814

1401;696

1402;726

1403;711

1404;652

1405;668

1406;732

1407;720

1408;894

1409;692

1410;755

1411;724

1412;808

1413;731

1414;704

1415;724

1416;702

1417;745

1418;777

1419;717

1420;1290

1421;686

1422;754

1423;706

1424;720

1425;748

1426;798

1427;899

1428;899

1429;818

1430;830

1431;872

1432;824

1433;811

1434;879

1435;748

1436;763

1437;771

1438;739

1439;777

1440;778

1441;792

1442;795

1443;870

1444;758

1445;863

1446;794

1447;811

1448;808

1449;828

1450;917

1451;870

1452;806

1453;834

1454;883

1455;810

1456;813

1457;783

1458;824

1459;817

1460;934

1461;832

1462;810

1463;796

1464;787

1465;776

1466;874

1467;740

1468;792

1469;759

1470;766

1471;773

1472;761

1473;762

1474;771

1475;791

1476;788

1477;738

1478;989

1479;744

1480;805

1481;742

1482;776

1483;783

1484;826

1485;743

1486;770

1487;724

1488;783

1489;805

1490;747

1491;775

1492;740

1493;783

1494;763

1495;755

1496;814

1497;762

1498;710

1499;777

1500;735

1501;768

1502;756

1503;802

1504;777

1505;749

1506;748

1507;777

1508;745

1509;722

1510;754

1511;751

1512;824

1513;776

1514;736

1515;785

1516;772

1517;762

1518;781

1519;792

1520;798

1521;1753

1522;820

1523;756

1524;835

1525;746

1526;814

1527;729

1528;748

1529;764

1530;770

1531;944

1532;781

1533;795

1534;806

1535;826

1536;830

1537;771

1538;794

1539;852

1540;770

1541;765

1542;762

1543;819

1544;781

1545;834

1546;797

1547;803

1548;832

1549;786

1550;860

1551;860

1552;798

1553;806

1554;902

1555;800

1556;786

1557;1231

1558;798

1559;748

1560;794

1561;864

1562;776

1563;796

1564;854

1565;860

1566;792

1567;798

1568;832

1569;786

1570;862

1571;833

1572;847

1573;868

1574;813

1575;877

1576;829

1577;813

1578;881

1579;804

1580;806

1581;818

1582;1958

1583;856

1584;788

1585;773

1586;753

1587;790

1588;887

1589;794

1590;807

1591;786

1592;718

1593;819

1594;751

1595;800

1596;741

1597;792

1598;807

1599;864

1600;804

1601;756

1602;773

1603;806

1604;743

1605;828

1606;873

1607;792

1608;769

1609;774

1610;764

1611;827

1612;829

1613;743

1614;817

1615;1004

1616;731

1617;764

1618;779

1619;922

1620;766

1621;813

1622;800

1623;780

1624;780

1625;745

1626;804

1627;780

1628;965

1629;760

1630;832

1631;817

1632;754

1633;791

1634;824

1635;965

1636;717

1637;773

1638;817

1639;764

1640;834

1641;742

1642;736

1643;831

1644;804

1645;831

1646;783

1647;810

1648;750

1649;818

1650;843

1651;881

1652;843

1653;797

1654;816

1655;836

1656;804

1657;863

1658;842

1659;764

1660;854

1661;805

1662;885

1663;824

1664;809

1665;1067

1666;798

1667;803

1668;866

1669;823

1670;944

1671;864

1672;874

1673;874

1674;1136

1675;872

1676;886

1677;851

1678;877

1679;806

1680;880

1681;846

1682;915

1683;936

1684;887

1685;873

1686;829

1687;849

1688;839

1689;884

1690;854

1691;901

1692;866

1693;1046

1694;895

1695;990

1696;912

1697;913

1698;1088

1699;1119

1700;874

1701;854

1702;915

1703;863

1704;894

1705;860

1706;872

1707;919

1708;908

1709;900

1710;898

1711;914

1712;912

1713;943

1714;899

1715;927

1716;943

1717;1066

1718;964

1719;952

1720;946

1721;1014

1722;1012

1723;1109

1724;990

1725;1001

1726;961

1727;996

1728;1058

1729;1134

1730;1286

1731;1019

1732;1091

1733;1086

1734;1073

1735;1045

1736;1126

1737;1074

1738;1110

1739;1039

1740;1088

1741;1136

1742;1153

1743;1214

1744;1071

1745;1157

1746;1158

1747;1065

1748;1149

1749;1121

1750;1146

1751;1198

1752;1122

1753;1204

1754;1156

1755;1078

1756;1213

1757;1187

1758;1184

1759;1138

1760;1157

1761;1168

1762;1118

1763;1134

1764;1146

1765;1196

1766;1184

1767;1133

1768;1198

1769;1096

1770;1094

1771;1096

1772;1179

1773;1300

1774;1103

1775;1126

1776;1116

1777;1291

1778;1141

1779;1172

1780;1059

1781;1164

1782;1142

1783;1114

1784;1088

1785;1117

1786;1321

1787;1165

1788;1163

1789;1205

1790;1222

1791;1185

1792;1236

1793;1193

1794;1185

1795;1168

1796;1126

1797;1105

1798;1189

1799;1090

1800;1115

1801;1104

1802;1111

1803;1096

1804;1106

1805;1090

1806;1101

1807;1258

1808;1136

1809;1157

1810;1158

1811;1222

1812;1090

1813;1194

1814;1172

1815;1134

1816;1163

1817;1122

1818;1199

1819;1207

1820;1236

1821;1184

1822;1233

1823;1244

1824;1202

1825;1398

1826;1235

1827;1265

1828;1196

1829;1315

1830;1279

1831;1269

1832;1316

1833;1299

1834;1325

1835;1311

1836;1385

1837;1486

1838;1397

1839;1414

1840;1400

1841;1426

1842;1454

1843;1490

1844;1528

1845;1741

1846;1553

1847;1494

1848;1520

1849;1585

1850;1664

1851;1663

1852;1601

1853;1672

1854;1658

1855;1674

1856;1768

1857;1734

1858;1820

1859;1776

1860;1862

1861;1779

1862;1961

1863;1905

1864;1918

1865;1944

1866;1946

1867;2005

1868;2046

1869;2064

1870;2087

1871;2098

1872;2125

1873;2164

1874;2280

1875;2287

1876;2242

1877;2287

1878;2256

1879;2319

1880;2392

1881;2522

1882;2432

1883;2456

1884;2490

1885;2548

1886;2696

1887;2751

1888;2749

1889;2823

1890;2809

1891;2788

1892;2646

1893;2406

1894;2267

1895;1902

1896;1473

1897;1083

1898;902

1899;806

1900;698

1901;672

1902;649

1903;695

1904;640

1905;675

1906;658

1907;606

1908;637

1909;674

1910;635

1911;614

1912;716

1913;736

1914;694

1915;689

1916;772

1917;692

1918;771

1919;737

1920;814

1921;777

1922;718

1923;864

1924;793

1925;860

1926;863

1927;894

1928;1089

1929;1064

1930;1059

1931;1232

1932;1265

1933;1455

1934;1720

1935;2813

1936;11654

1937;65535

1938;65535

1939;65535

1940;65535

1941;65535

1942;29479

1943;6609

1944;2499

1945;1808

1946;1504

1947;1282

1948;1133

1949;1168

1950;1002

1951;923

1952;895

1953;886

1954;837

1955;906

1956;821

1957;816

1958;734

1959;686

1960;628

1961;699

1962;670

1963;698

1964;642

1965;666

1966;656

1967;605

1968;700

1969;577

1970;659

1971;653

1972;603

1973;660

1974;612

1975;602

1976;623

1977;664

1978;629

1979;572

1980;557

1981;572

1982;650

1983;603

1984;572

1985;593

1986;562

1987;578

1988;582

1989;585

1990;647

1991;596

1992;636

1993;556

1994;546

1995;605

1996;556

1997;547

1998;604

1999;596

2000;704

2001;555

2002;543

2003;548

2004;611

2005;619

2006;546

2007;709

2008;535

2009;587

2010;889

2011;700

2012;748

2013;594

2014;534

2015;635

2016;602

2017;742

2018;571

2019;564

2020;552

2021;658

2022;688

2023;588

2024;564

2025;624

2026;645

2027;504

2028;531

2029;569

2030;637

2031;593

2032;565

2033;532

2034;624

2035;488

2036;568

2037;594

2038;514

2039;528

2040;515

2041;531

2042;539

2043;545

2044;550

2045;627

2046;632

2047;535

