Data
0;460

1;308

2;301

3;300

4;296

5;511

6;536

7;481

8;500

9;506

10;568

11;555

12;500

13;481

14;519

15;547

16;591

17;610

18;532

19;598

20;531

21;481

22;516

23;550

24;484

25;484

26;527

27;642

28;505

29;588

30;499

31;501

32;496

33;567

34;673

35;546

36;578

37;632

38;573

39;550

40;523

41;511

42;498

43;526

44;559

45;507

46;630

47;592

48;634

49;528

50;1004

51;585

52;564

53;589

54;542

55;526

56;562

57;566

58;567

59;544

60;509

61;608

62;668

63;594

64;599

65;564

66;579

67;563

68;550

69;571

70;636

71;643

72;571

73;558

74;528

75;532

76;533

77;599

78;500

79;562

80;509

81;519

82;582

83;596

84;507

85;654

86;559

87;617

88;530

89;564

90;590

91;521

92;515

93;526

94;558

95;525

96;541

97;535

98;522

99;600

100;534

101;561

102;622

103;562

104;489

105;581

106;517

107;564

108;514

109;543

110;550

111;652

112;607

113;560

114;573

115;629

116;534

117;594

118;514

119;525

120;519

121;568

122;556

123;635

124;498

125;557

126;633

127;554

128;570

129;562

130;688

131;491

132;502

133;526

134;487

135;607

136;528

137;526

138;538

139;559

140;593

141;533

142;567

143;526

144;502

145;556

146;526

147;599

148;531

149;531

150;615

151;566

152;676

153;481

154;542

155;546

156;543

157;485

158;560

159;583

160;525

161;524

162;580

163;588

164;541

165;556

166;557

167;645

168;544

169;580

170;564

171;453

172;682

173;587

174;538

175;576

176;524

177;555

178;557

179;550

180;498

181;529

182;522

183;561

184;478

185;558

186;599

187;532

188;605

189;534

190;498

191;538

192;554

193;484

194;705

195;578

196;559

197;567

198;512

199;509

200;550

201;566

202;608

203;528

204;549

205;531

206;604

207;551

208;544

209;549

210;538

211;502

212;527

213;518

214;802

215;489

216;602

217;519

218;575

219;576

220;519

221;497

222;548

223;585

224;563

225;571

226;564

227;546

228;584

229;586

230;580

231;500

232;504

233;469

234;633

235;638

236;534

237;511

238;523

239;553

240;530

241;529

242;560

243;491

244;569

245;654

246;534

247;598

248;540

249;526

250;500

251;579

252;562

253;541

254;515

255;526

256;555

257;557

258;545

259;540

260;540

261;551

262;524

263;580

264;566

265;600

266;526

267;566

268;556

269;541

270;521

271;582

272;583

273;674

274;603

275;626

276;541

277;628

278;660

279;552

280;602

281;652

282;624

283;553

284;584

285;576

286;564

287;544

288;550

289;712

290;540

291;566

292;567

293;1726

294;528

295;572

296;588

297;506

298;495

299;569

300;559

301;564

302;634

303;551

304;535

305;572

306;589

307;558

308;604

309;754

310;596

311;560

312;543

313;581

314;661

315;1424

316;553

317;563

318;566

319;640

320;554

321;586

322;616

323;618

324;538

325;556

326;544

327;547

328;558

329;538

330;597

331;563

332;542

333;560

334;552

335;532

336;555

337;530

338;562

339;496

340;575

341;547

342;570

343;573

344;554

345;536

346;518

347;621

348;526

349;558

350;521

351;701

352;551

353;552

354;701

355;524

356;656

357;610

358;604

359;514

360;559

361;573

362;488

363;534

364;529

365;594

366;588

367;523

368;497

369;624

370;502

371;571

372;560

373;538

374;515

375;544

376;478

377;548

378;508

379;515

380;497

381;478

382;506

383;500

384;605

385;550

386;504

387;485

388;613

389;510

390;520

391;494

392;499

393;482

394;545

395;516

396;508

397;596

398;491

399;578

400;505

401;534

402;502

403;516

404;542

405;524

406;475

407;548

408;510

409;512

410;494

411;530

412;544

413;540

414;477

415;482

416;545

417;521

418;562

419;562

420;527

421;530

422;539

423;536

424;503

425;573

426;530

427;528

428;465

429;588

430;519

431;502

432;633

433;508

434;481

435;466

436;538

437;474

438;592

439;506

440;500

441;535

442;519

443;558

444;528

445;560

446;522

447;518

448;632

449;656

450;564

451;511

452;544

453;552

454;539

455;482

456;564

457;478

458;537

459;488

460;534

461;566

462;454

463;538

464;606

465;463

466;509

467;537

468;492

469;468

470;556

471;503

472;542

473;474

474;533

475;492

476;483

477;550

478;476

479;509

480;503

481;543

482;540

483;530

484;546

485;627

486;542

487;554

488;498

489;500

490;460

491;476

492;616

493;566

494;593

495;480

496;531

497;566

498;523

499;535

500;527

501;547

502;532

503;558

504;521

505;493

506;498

507;513

508;506

509;481

510;529

511;542

512;500

513;460

514;510

515;512

516;518

517;504

518;511

519;529

520;547

521;545

522;473

523;503

524;563

525;475

526;544

527;503

528;498

529;519

530;516

531;500

532;473

533;520

534;461

535;503

536;496

537;556

538;557

539;544

540;530

541;554

542;570

543;476

544;586

545;482

546;617

547;525

548;494

549;493

550;586

551;518

552;528

553;468

554;512

555;495

556;455

557;497

558;532

559;538

560;519

561;476

562;450

563;529

564;572

565;532

566;483

567;496

568;603

569;549

570;454

571;527

572;485

573;502

574;515

575;466

576;509

577;508

578;540

579;506

580;512

581;515

582;522

583;524

584;527

585;473

586;522

587;499

588;486

589;665

590;530

591;514

592;521

593;501

594;470

595;496

596;484

597;551

598;489

599;540

600;516

601;543

602;546

603;522

604;494

605;740

606;611

607;518

608;538

609;492

610;524

611;486

612;432

613;502

614;569

615;544

616;495

617;558

618;499

619;537

620;502

621;516

622;519

623;526

624;526

625;517

626;536

627;477

628;514

629;497

630;541

631;486

632;558

633;479

634;543

635;456

636;532

637;504

638;588

639;512

640;588

641;520

642;559

643;496

644;452

645;540

646;505

647;616

648;527

649;494

650;487

651;494

652;494

653;500

654;506

655;639

656;769

657;1096

658;458

659;490

660;555

661;519

662;526

663;454

664;477

665;514

666;480

667;505

668;513

669;553

670;507

671;542

672;456

673;504

674;508

675;532

676;526

677;610

678;468

679;498

680;503

681;504

682;490

683;518

684;456

685;467

686;466

687;486

688;462

689;486

690;461

691;546

692;447

693;563

694;472

695;507

696;496

697;514

698;480

699;648

700;485

701;466

702;502

703;508

704;518

705;514

706;490

707;544

708;524

709;565

710;508

711;500

712;532

713;558

714;712

715;459

716;517

717;524

718;508

719;519

720;512

721;492

722;492

723;515

724;434

725;529

726;539

727;604

728;559

729;545

730;499

731;498

732;497

733;516

734;542

735;502

736;541

737;527

738;574

739;528

740;469

741;562

742;502

743;478

744;501

745;481

746;572

747;492

748;497

749;488

750;532

751;506

752;526

753;495

754;529

755;508

756;461

757;552

758;510

759;876

760;521

761;512

762;532

763;507

764;506

765;482

766;567

767;485

768;607

769;480

770;510

771;515

772;451

773;535

774;579

775;542

776;630

777;504

778;473

779;526

780;564

781;538

782;488

783;528

784;509

785;523

786;478

787;458

788;530

789;501

790;1040

791;482

792;570

793;518

794;551

795;488

796;474

797;505

798;535

799;498

800;503

801;540

802;550

803;519

804;512

805;508

806;471

807;463

808;517

809;530

810;540

811;512

812;638

813;496

814;577

815;474

816;491

817;533

818;631

819;492

820;584

821;512

822;629

823;504

824;496

825;523

826;534

827;644

828;538

829;480

830;537

831;509

832;532

833;572

834;550

835;521

836;493

837;490

838;524

839;477

840;489

841;516

842;520

843;492

844;502

845;552

846;473

847;471

848;594

849;563

850;459

851;488

852;557

853;511

854;508

855;495

856;499

857;500

858;492

859;469

860;562

861;540

862;543

863;522

864;477

865;513

866;519

867;764

868;762

869;498

870;533

871;532

872;527

873;486

874;477

875;475

876;486

877;530

878;540

879;468

880;508

881;450

882;487

883;512

884;595

885;474

886;492

887;485

888;638

889;502

890;503

891;455

892;585

893;486

894;499

895;470

896;514

897;533

898;547

899;488

900;517

901;540

902;491

903;493

904;513

905;558

906;522

907;520

908;560

909;535

910;530

911;480

912;483

913;468

914;512

915;444

916;521

917;495

918;494

919;1126

920;530

921;527

922;488

923;538

924;477

925;540

926;481

927;513

928;501

929;502

930;528

931;501

932;570

933;531

934;536

935;534

936;552

937;576

938;548

939;542

940;477

941;1343

942;526

943;515

944;485

945;547

946;535

947;588

948;534

949;545

950;519

951;493

952;484

953;488

954;519

955;599

956;526

957;483

958;569

959;514

960;510

961;530

962;615

963;579

964;470

965;524

966;481

967;694

968;457

969;513

970;503

971;496

972;550

973;528

974;523

975;492

976;534

977;536

978;497

979;498

980;521

981;508

982;512

983;477

984;540

985;594

986;530

987;475

988;486

989;546

990;621

991;500

992;510

993;468

994;505

995;503

996;564

997;606

998;509

999;521

1000;514

1001;507

1002;499

1003;527

1004;536

1005;540

1006;539

1007;509

1008;496

1009;585

1010;490

1011;611

1012;478

1013;487

1014;544

1015;500

1016;572

1017;540

1018;573

1019;474

1020;470

1021;510

1022;503

1023;520

1024;537

1025;570

1026;515

1027;535

1028;464

1029;549

1030;515

1031;535

1032;569

1033;526

1034;522

1035;496

1036;468

1037;516

1038;507

1039;520

1040;519

1041;510

1042;586

1043;530

1044;537

1045;498

1046;568

1047;510

1048;511

1049;478

1050;485

1051;480

1052;479

1053;484

1054;480

1055;469

1056;498

1057;527

1058;488

1059;541

1060;833

1061;500

1062;497

1063;512

1064;537

1065;499

1066;522

1067;518

1068;586

1069;534

1070;571

1071;503

1072;498

1073;516

1074;491

1075;488

1076;544

1077;470

1078;540

1079;486

1080;510

1081;909

1082;634

1083;494

1084;512

1085;488

1086;494

1087;517

1088;518

1089;492

1090;508

1091;617

1092;568

1093;558

1094;494

1095;530

1096;545

1097;547

1098;519

1099;516

1100;504

1101;534

1102;510

1103;507

1104;609

1105;536

1106;533

1107;540

1108;580

1109;540

1110;554

1111;913

1112;623

1113;552

1114;525

1115;533

1116;564

1117;560

1118;513

1119;531

1120;576

1121;573

1122;526

1123;592

1124;532

1125;582

1126;586

1127;571

1128;521

1129;518

1130;585

1131;592

1132;550

1133;542

1134;583

1135;563

1136;554

1137;574

1138;574

1139;528

1140;547

1141;552

1142;554

1143;565

1144;560

1145;752

1146;595

1147;566

1148;543

1149;575

1150;601

1151;639

1152;538

1153;561

1154;672

1155;553

1156;544

1157;528

1158;546

1159;516

1160;525

1161;574

1162;576

1163;574

1164;562

1165;621

1166;564

1167;545

1168;524

1169;545

1170;595

1171;539

1172;587

1173;534

1174;575

1175;526

1176;582

1177;560

1178;548

1179;542

1180;519

1181;512

1182;505

1183;594

1184;607

1185;546

1186;499

1187;568

1188;601

1189;593

1190;523

1191;520

1192;579

1193;547

1194;585

1195;605

1196;578

1197;595

1198;528

1199;568

1200;547

1201;652

1202;538

1203;581

1204;624

1205;526

1206;642

1207;516

1208;660

1209;552

1210;778

1211;548

1212;555

1213;530

1214;550

1215;681

1216;502

1217;523

1218;512

1219;508

1220;517

1221;543

1222;550

1223;668

1224;592

1225;530

1226;619

1227;526

1228;554

1229;638

1230;566

1231;501

1232;546

1233;508

1234;547

1235;630

1236;556

1237;541

1238;522

1239;561

1240;595

1241;590

1242;583

1243;538

1244;545

1245;569

1246;601

1247;610

1248;571

1249;597

1250;612

1251;600

1252;588

1253;611

1254;596

1255;639

1256;649

1257;645

1258;608

1259;669

1260;610

1261;606

1262;631

1263;654

1264;703

1265;598

1266;608

1267;658

1268;583

1269;609

1270;547

1271;660

1272;608

1273;592

1274;562

1275;678

1276;567

1277;583

1278;646

1279;550

1280;591

1281;591

1282;711

1283;529

1284;527

1285;531

1286;629

1287;572

1288;504

1289;578

1290;586

1291;579

1292;590

1293;611

1294;640

1295;588

1296;546

1297;546

1298;538

1299;672

1300;534

1301;587

1302;581

1303;580

1304;552

1305;628

1306;639

1307;590

1308;572

1309;589

1310;569

1311;560

1312;735

1313;582

1314;557

1315;606

1316;602

1317;560

1318;606

1319;625

1320;582

1321;588

1322;608

1323;609

1324;606

1325;556

1326;577

1327;564

1328;578

1329;580

1330;566

1331;582

1332;664

1333;624

1334;571

1335;608

1336;615

1337;735

1338;575

1339;661

1340;1040

1341;639

1342;576

1343;674

1344;605

1345;555

1346;557

1347;609

1348;609

1349;602

1350;668

1351;682

1352;545

1353;631

1354;586

1355;601

1356;631

1357;620

1358;594

1359;573

1360;616

1361;630

1362;556

1363;580

1364;661

1365;590

1366;652

1367;618

1368;562

1369;572

1370;568

1371;630

1372;619

1373;572

1374;562

1375;547

1376;611

1377;673

1378;543

1379;655

1380;585

1381;550

1382;566

1383;614

1384;573

1385;580

1386;579

1387;550

1388;556

1389;580

1390;554

1391;594

1392;553

1393;569

1394;579

1395;579

1396;782

1397;658

1398;584

1399;639

1400;685

1401;590

1402;621

1403;633

1404;569

1405;558

1406;618

1407;572

1408;786

1409;570

1410;619

1411;604

1412;663

1413;618

1414;591

1415;600

1416;599

1417;640

1418;638

1419;597

1420;1256

1421;564

1422;611

1423;558

1424;583

1425;554

1426;623

1427;691

1428;706

1429;598

1430;621

1431;651

1432;634

1433;604

1434;735

1435;579

1436;572

1437;585

1438;585

1439;631

1440;599

1441;625

1442;604

1443;672

1444;606

1445;678

1446;586

1447;619

1448;600

1449;627

1450;724

1451;634

1452;620

1453;646

1454;644

1455;635

1456;614

1457;614

1458;607

1459;603

1460;746

1461;625

1462;635

1463;612

1464;612

1465;608

1466;681

1467;586

1468;622

1469;606

1470;612

1471;602

1472;576

1473;616

1474;604

1475;636

1476;639

1477;589

1478;829

1479;561

1480;646

1481;585

1482;628

1483;599

1484;662

1485;555

1486;623

1487;590

1488;650

1489;628

1490;579

1491;633

1492;600

1493;624

1494;620

1495;637

1496;658

1497;592

1498;600

1499;620

1500;598

1501;648

1502;608

1503;678

1504;641

1505;620

1506;633

1507;633

1508;608

1509;570

1510;604

1511;619

1512;666

1513;594

1514;605

1515;652

1516;610

1517;612

1518;607

1519;658

1520;629

1521;1568

1522;662

1523;647

1524;682

1525;594

1526;670

1527;600

1528;612

1529;601

1530;621

1531;790

1532;596

1533;650

1534;632

1535;620

1536;686

1537;611

1538;646

1539;704

1540;610

1541;609

1542;610

1543;625

1544;598

1545;637

1546;607

1547;637

1548;625

1549;620

1550;657

1551;668

1552;621

1553;616

1554;703

1555;611

1556;608

1557;1082

1558;609

1559;605

1560;616

1561;647

1562;610

1563;637

1564;670

1565;701

1566;638

1567;590

1568;666

1569;630

1570;683

1571;670

1572;676

1573;691

1574;652

1575;684

1576;695

1577;668

1578;722

1579;654

1580;676

1581;686

1582;1819

1583;670

1584;634

1585;615

1586;614

1587;641

1588;756

1589;650

1590;687

1591;636

1592;568

1593;656

1594;618

1595;646

1596;577

1597;647

1598;662

1599;708

1600;668

1601;588

1602;635

1603;668

1604;591

1605;698

1606;698

1607;654

1608;619

1609;618

1610;597

1611;706

1612;672

1613;599

1614;679

1615;882

1616;608

1617;616

1618;641

1619;795

1620;626

1621;653

1622;642

1623;607

1624;613

1625;608

1626;627

1627;610

1628;804

1629;640

1630;693

1631;664

1632;596

1633;642

1634;669

1635;797

1636;567

1637;648

1638;689

1639;604

1640;684

1641;600

1642;568

1643;674

1644;635

1645;691

1646;646

1647;678

1648;618

1649;660

1650;689

1651;697

1652;667

1653;634

1654;677

1655;686

1656;630

1657;669

1658;662

1659;597

1660;691

1661;611

1662;708

1663;657

1664;663

1665;892

1666;617

1667;631

1668;718

1669;648

1670;781

1671;712

1672;710

1673;700

1674;951

1675;695

1676;710

1677;692

1678;680

1679;652

1680;690

1681;688

1682;763

1683;736

1684;693

1685;682

1686;646

1687;672

1688;652

1689;692

1690;667

1691;703

1692;672

1693;853

1694;712

1695;788

1696;748

1697;702

1698;940

1699;962

1700;668

1701;665

1702;707

1703;676

1704;696

1705;673

1706;668

1707;721

1708;700

1709;724

1710;698

1711;700

1712;700

1713;760

1714;680

1715;708

1716;763

1717;845

1718;761

1719;728

1720;740

1721;807

1722;758

1723;875

1724;788

1725;781

1726;769

1727;761

1728;864

1729;924

1730;1045

1731;788

1732;870

1733;854

1734;843

1735;796

1736;868

1737;844

1738;888

1739;817

1740;863

1741;870

1742;882

1743;928

1744;838

1745;900

1746;898

1747;843

1748;881

1749;891

1750;902

1751;951

1752;870

1753;946

1754;900

1755;825

1756;965

1757;893

1758;897

1759;857

1760;914

1761;902

1762;859

1763;864

1764;868

1765;925

1766;962

1767;885

1768;916

1769;815

1770;855

1771;856

1772;921

1773;1520

1774;826

1775;906

1776;843

1777;1070

1778;849

1779;938

1780;806

1781;873

1782;848

1783;847

1784;830

1785;868

1786;1038

1787;862

1788;911

1789;916

1790;920

1791;885

1792;913

1793;915

1794;844

1795;882

1796;830

1797;836

1798;881

1799;840

1800;839

1801;834

1802;824

1803;854

1804;840

1805;820

1806;822

1807;980

1808;849

1809;869

1810;869

1811;906

1812;811

1813;882

1814;832

1815;836

1816;845

1817;814

1818;862

1819;871

1820;924

1821;874

1822;860

1823;908

1824;860

1825;1031

1826;893

1827;900

1828;859

1829;922

1830;886

1831;876

1832;906

1833;911

1834;884

1835;886

1836;984

1837;1020

1838;902

1839;937

1840;952

1841;976

1842;962

1843;994

1844;1004

1845;1193

1846;1014

1847;982

1848;976

1849;975

1850;1062

1851;1030

1852;987

1853;1043

1854;1062

1855;1046

1856;1111

1857;1083

1858;1080

1859;1068

1860;1146

1861;1057

1862;1188

1863;1153

1864;1153

1865;1176

1866;1144

1867;1157

1868;1183

1869;1218

1870;1228

1871;1228

1872;1264

1873;1271

1874;1389

1875;1359

1876;1299

1877;1366

1878;1278

1879;1336

1880;1387

1881;1544

1882;1428

1883;1393

1884;1458

1885;1507

1886;1580

1887;1638

1888;1640

1889;1711

1890;1662

1891;1623

1892;1548

1893;1414

1894;1448

1895;1230

1896;1015

1897;776

1898;670

1899;659

1900;577

1901;609

1902;583

1903;615

1904;586

1905;613

1906;590

1907;534

1908;556

1909;589

1910;557

1911;546

1912;605

1913;607

1914;604

1915;592

1916;672

1917;590

1918;674

1919;613

1920;655

1921;666

1922;596

1923;735

1924;619

1925;669

1926;660

1927;691

1928;858

1929;793

1930;769

1931;870

1932;851

1933;992

1934;1096

1935;1603

1936;5605

1937;40011

1938;65535

1939;65535

1940;47308

1941;32566

1942;15073

1943;3582

1944;1474

1945;1149

1946;992

1947;870

1948;771

1949;864

1950;753

1951;701

1952;689

1953;700

1954;646

1955;741

1956;692

1957;702

1958;625

1959;610

1960;534

1961;618

1962;607

1963;644

1964;577

1965;597

1966;615

1967;540

1968;643

1969;514

1970;596

1971;590

1972;546

1973;612

1974;552

1975;554

1976;580

1977;636

1978;566

1979;538

1980;519

1981;537

1982;595

1983;563

1984;537

1985;554

1986;528

1987;525

1988;526

1989;545

1990;587

1991;555

1992;594

1993;518

1994;504

1995;532

1996;544

1997;531

1998;553

1999;558

2000;679

2001;518

2002;502

2003;490

2004;598

2005;625

2006;516

2007;669

2008;510

2009;576

2010;852

2011;674

2012;734

2013;574

2014;538

2015;608

2016;583

2017;711

2018;540

2019;520

2020;536

2021;549

2022;659

2023;552

2024;552

2025;608

2026;631

2027;507

2028;505

2029;520

2030;620

2031;560

2032;536

2033;509

2034;603

2035;468

2036;546

2037;560

2038;514

2039;507

2040;508

2041;527

2042;521

2043;537

2044;545

2045;594

2046;601

2047;510

