Data
0;479

1;320

2;301

3;291

4;292

5;541

6;554

7;495

8;498

9;521

10;584

11;562

12;504

13;510

14;524

15;574

16;601

17;611

18;572

19;619

20;553

21;503

22;526

23;550

24;525

25;518

26;538

27;633

28;528

29;589

30;531

31;508

32;513

33;566

34;690

35;563

36;592

37;666

38;591

39;574

40;532

41;522

42;526

43;543

44;581

45;527

46;652

47;589

48;656

49;524

50;1011

51;604

52;560

53;603

54;566

55;570

56;569

57;606

58;566

59;552

60;542

61;638

62;679

63;624

64;628

65;612

66;609

67;592

68;583

69;589

70;674

71;679

72;606

73;584

74;554

75;554

76;560

77;629

78;526

79;593

80;534

81;568

82;585

83;622

84;521

85;665

86;567

87;619

88;566

89;586

90;613

91;555

92;544

93;540

94;578

95;537

96;554

97;568

98;530

99;630

100;552

101;567

102;641

103;585

104;528

105;595

106;543

107;574

108;539

109;544

110;582

111;664

112;613

113;551

114;594

115;646

116;552

117;624

118;528

119;550

120;576

121;584

122;549

123;649

124;526

125;584

126;636

127;569

128;601

129;559

130;693

131;498

132;516

133;549

134;498

135;602

136;562

137;544

138;552

139;575

140;615

141;552

142;604

143;518

144;505

145;579

146;567

147;622

148;562

149;533

150;604

151;597

152;687

153;478

154;561

155;552

156;554

157;491

158;566

159;601

160;541

161;538

162;597

163;604

164;532

165;561

166;566

167;653

168;542

169;578

170;568

171;480

172;674

173;615

174;564

175;594

176;560

177;546

178;566

179;559

180;516

181;548

182;542

183;572

184;497

185;565

186;598

187;534

188;656

189;573

190;520

191;552

192;567

193;505

194;718

195;569

196;558

197;574

198;551

199;524

200;548

201;570

202;596

203;540

204;577

205;536

206;588

207;573

208;554

209;567

210;546

211;517

212;556

213;518

214;802

215;530

216;623

217;520

218;584

219;617

220;553

221;528

222;554

223;603

224;576

225;570

226;595

227;580

228;602

229;583

230;615

231;512

232;530

233;483

234;644

235;660

236;552

237;519

238;554

239;586

240;544

241;547

242;569

243;518

244;566

245;653

246;545

247;621

248;560

249;544

250;529

251;578

252;578

253;545

254;552

255;532

256;576

257;557

258;550

259;565

260;524

261;585

262;559

263;598

264;597

265;598

266;556

267;561

268;584

269;579

270;560

271;606

272;606

273;691

274;636

275;685

276;581

277;678

278;704

279;602

280;634

281;687

282;638

283;598

284;629

285;626

286;610

287;594

288;568

289;739

290;577

291;603

292;626

293;1800

294;573

295;588

296;623

297;546

298;553

299;616

300;601

301;598

302;663

303;582

304;596

305;622

306;653

307;599

308;646

309;788

310;620

311;624

312;592

313;633

314;699

315;1453

316;598

317;612

318;586

319;660

320;613

321;626

322;678

323;658

324;588

325;604

326;600

327;612

328;594

329;596

330;644

331;609

332;563

333;624

334;613

335;605

336;592

337;554

338;593

339;560

340;615

341;586

342;611

343;613

344;596

345;584

346;557

347;645

348;603

349;598

350;569

351;752

352;585

353;594

354;750

355;564

356;652

357;622

358;665

359;564

360;584

361;578

362;507

363;552

364;532

365;610

366;619

367;528

368;504

369;622

370;518

371;573

372;578

373;552

374;537

375;548

376;494

377;551

378;513

379;522

380;530

381;509

382;517

383;516

384;600

385;548

386;499

387;498

388;588

389;528

390;517

391;504

392;519

393;494

394;537

395;501

396;508

397;620

398;491

399;584

400;505

401;551

402;500

403;530

404;576

405;508

406;478

407;555

408;524

409;534

410;497

411;536

412;542

413;566

414;492

415;492

416;561

417;517

418;570

419;556

420;546

421;507

422;544

423;550

424;516

425;582

426;532

427;547

428;469

429;602

430;528

431;509

432;638

433;499

434;511

435;472

436;556

437;490

438;591

439;478

440;510

441;529

442;523

443;582

444;543

445;535

446;506

447;532

448;636

449;686

450;568

451;506

452;552

453;575

454;526

455;506

456;568

457;473

458;534

459;505

460;531

461;561

462;481

463;534

464;604

465;474

466;531

467;556

468;517

469;477

470;553

471;512

472;567

473;492

474;531

475;503

476;475

477;542

478;486

479;517

480;523

481;545

482;540

483;529

484;546

485;623

486;515

487;598

488;516

489;512

490;471

491;492

492;642

493;574

494;737

495;481

496;541

497;567

498;526

499;533

500;526

501;552

502;530

503;561

504;520

505;480

506;504

507;514

508;533

509;502

510;528

511;566

512;514

513;466

514;512

515;516

516;540

517;499

518;522

519;521

520;536

521;552

522;465

523;494

524;580

525;493

526;544

527;499

528;506

529;518

530;522

531;494

532;494

533;520

534;473

535;514

536;492

537;567

538;553

539;547

540;522

541;567

542;567

543;472

544;586

545;485

546;643

547;527

548;461

549;496

550;586

551;527

552;532

553;492

554;521

555;502

556;475

557;496

558;544

559;538

560;535

561;466

562;446

563;540

564;612

565;524

566;468

567;510

568;618

569;542

570;474

571;542

572;495

573;506

574;528

575;464

576;498

577;509

578;547

579;500

580;522

581;528

582;521

583;528

584;544

585;483

586;526

587;508

588;505

589;677

590;529

591;542

592;524

593;500

594;465

595;514

596;485

597;543

598;503

599;517

600;511

601;540

602;561

603;507

604;486

605;733

606;630

607;534

608;538

609;497

610;528

611;483

612;447

613;504

614;562

615;560

616;489

617;556

618;512

619;530

620;506

621;523

622;530

623;497

624;533

625;513

626;538

627;487

628;524

629;504

630;540

631;502

632;557

633;472

634;536

635;462

636;545

637;511

638;564

639;512

640;570

641;524

642;550

643;508

644;462

645;520

646;528

647;628

648;530

649;495

650;502

651;502

652;493

653;492

654;508

655;623

656;758

657;1077

658;466

659;494

660;547

661;531

662;516

663;465

664;482

665;502

666;488

667;504

668;516

669;552

670;503

671;562

672;478

673;528

674;516

675;541

676;544

677;647

678;466

679;511

680;537

681;504

682;500

683;544

684;444

685;481

686;468

687;494

688;485

689;483

690;460

691;541

692;457

693;604

694;496

695;504

696;489

697;528

698;492

699;678

700;506

701;468

702;495

703;540

704;524

705;526

706;484

707;561

708;545

709;549

710;531

711;522

712;536

713;575

714;695

715;482

716;503

717;538

718;503

719;554

720;502

721;517

722;516

723;520

724;454

725;530

726;525

727;606

728;554

729;547

730;503

731;520

732;517

733;527

734;560

735;509

736;552

737;522

738;588

739;555

740;484

741;586

742;499

743;489

744;506

745;473

746;574

747;490

748;488

749;493

750;532

751;519

752;528

753;514

754;528

755;510

756;464

757;571

758;533

759;903

760;535

761;507

762;524

763;507

764;516

765;481

766;550

767;510

768;598

769;495

770;513

771;524

772;462

773;527

774;588

775;531

776;625

777;507

778;478

779;543

780;570

781;542

782;494

783;528

784;518

785;542

786;504

787;449

788;534

789;499

790;1002

791;506

792;562

793;527

794;549

795;516

796;494

797;494

798;540

799;517

800;502

801;558

802;568

803;538

804;518

805;522

806;478

807;465

808;514

809;528

810;552

811;516

812;646

813;508

814;605

815;495

816;500

817;536

818;628

819;491

820;593

821;519

822;640

823;509

824;498

825;521

826;536

827;651

828;547

829;502

830;542

831;562

832;519

833;579

834;556

835;531

836;497

837;483

838;525

839;490

840;517

841;540

842;539

843;502

844;508

845;560

846;490

847;475

848;601

849;588

850;463

851;485

852;573

853;519

854;532

855;506

856;501

857;524

858;504

859;465

860;558

861;537

862;564

863;512

864;494

865;555

866;526

867;796

868;768

869;498

870;526

871;538

872;544

873;482

874;489

875;513

876;496

877;552

878;564

879;464

880;512

881;473

882;500

883;508

884;603

885;477

886;514

887;504

888;628

889;522

890;498

891;470

892;607

893;492

894;500

895;485

896;522

897;543

898;550

899;523

900;536

901;554

902;497

903;513

904;524

905;564

906;538

907;535

908;556

909;536

910;566

911;508

912;524

913;477

914;524

915;441

916;544

917;510

918;516

919;1127

920;546

921;542

922;484

923;551

924;496

925;556

926;486

927;535

928;514

929;516

930;550

931;517

932;570

933;546

934;526

935;546

936;553

937;594

938;540

939;560

940;472

941;1309

942;539

943;521

944;513

945;580

946;562

947;600

948;528

949;543

950;547

951;494

952;486

953;510

954;536

955;604

956;520

957;498

958;583

959;525

960;516

961;518

962;616

963;579

964;476

965;520

966;486

967;701

968;476

969;500

970;514

971;527

972;564

973;528

974;558

975;528

976;550

977;542

978;514

979;510

980;532

981;504

982;528

983;508

984;554

985;615

986;526

987;488

988;498

989;574

990;638

991;512

992;530

993;492

994;531

995;514

996;566

997;617

998;528

999;542

1000;529

1001;518

1002;512

1003;508

1004;558

1005;546

1006;539

1007;532

1008;509

1009;593

1010;511

1011;629

1012;492

1013;496

1014;577

1015;514

1016;595

1017;555

1018;602

1019;489

1020;500

1021;508

1022;526

1023;540

1024;574

1025;580

1026;538

1027;557

1028;490

1029;584

1030;502

1031;532

1032;579

1033;538

1034;530

1035;510

1036;474

1037;534

1038;512

1039;550

1040;523

1041;514

1042;594

1043;538

1044;531

1045;526

1046;575

1047;537

1048;529

1049;503

1050;499

1051;510

1052;500

1053;516

1054;490

1055;508

1056;499

1057;544

1058;525

1059;574

1060;887

1061;508

1062;501

1063;541

1064;540

1065;526

1066;549

1067;534

1068;594

1069;563

1070;587

1071;515

1072;515

1073;530

1074;501

1075;516

1076;537

1077;501

1078;556

1079;495

1080;540

1081;890

1082;649

1083;515

1084;530

1085;509

1086;526

1087;540

1088;535

1089;532

1090;519

1091;613

1092;592

1093;573

1094;512

1095;558

1096;589

1097;603

1098;546

1099;558

1100;527

1101;563

1102;541

1103;530

1104;626

1105;561

1106;554

1107;549

1108;596

1109;578

1110;596

1111;930

1112;628

1113;567

1114;548

1115;573

1116;596

1117;574

1118;532

1119;560

1120;585

1121;605

1122;526

1123;626

1124;562

1125;634

1126;644

1127;602

1128;531

1129;549

1130;593

1131;628

1132;588

1133;596

1134;616

1135;614

1136;591

1137;619

1138;598

1139;562

1140;611

1141;605

1142;621

1143;619

1144;607

1145;833

1146;633

1147;606

1148;582

1149;641

1150;650

1151;706

1152;605

1153;585

1154;733

1155;605

1156;591

1157;563

1158;586

1159;558

1160;565

1161;614

1162;628

1163;607

1164;602

1165;637

1166;584

1167;596

1168;556

1169;566

1170;636

1171;573

1172;628

1173;563

1174;610

1175;560

1176;615

1177;604

1178;585

1179;592

1180;562

1181;567

1182;540

1183;602

1184;643

1185;578

1186;510

1187;602

1188;607

1189;595

1190;568

1191;529

1192;602

1193;573

1194;579

1195;636

1196;632

1197;632

1198;561

1199;610

1200;575

1201;674

1202;571

1203;588

1204;671

1205;555

1206;682

1207;553

1208;674

1209;581

1210;832

1211;578

1212;590

1213;570

1214;582

1215;697

1216;536

1217;572

1218;545

1219;546

1220;564

1221;573

1222;571

1223;726

1224;599

1225;552

1226;664

1227;558

1228;590

1229;662

1230;595

1231;556

1232;565

1233;548

1234;581

1235;659

1236;599

1237;594

1238;582

1239;602

1240;622

1241;641

1242;646

1243;611

1244;587

1245;604

1246;658

1247;658

1248;629

1249;678

1250;690

1251;678

1252;685

1253;685

1254;698

1255;730

1256;736

1257;728

1258;709

1259;740

1260;724

1261;715

1262;732

1263;746

1264;788

1265;682

1266;722

1267;743

1268;673

1269;693

1270;627

1271;755

1272;682

1273;673

1274;615

1275;739

1276;627

1277;642

1278;697

1279;592

1280;630

1281;644

1282;772

1283;547

1284;592

1285;590

1286;669

1287;631

1288;566

1289;628

1290;629

1291;615

1292;655

1293;667

1294;677

1295;654

1296;585

1297;584

1298;589

1299;695

1300;599

1301;621

1302;628

1303;633

1304;612

1305;670

1306;678

1307;638

1308;634

1309;644

1310;626

1311;594

1312;779

1313;648

1314;609

1315;660

1316;637

1317;630

1318;658

1319;654

1320;633

1321;652

1322;644

1323;670

1324;656

1325;643

1326;661

1327;654

1328;637

1329;638

1330;628

1331;672

1332;721

1333;698

1334;662

1335;708

1336;696

1337;794

1338;655

1339;739

1340;1134

1341;726

1342;665

1343;746

1344;670

1345;609

1346;623

1347;680

1348;696

1349;688

1350;719

1351;755

1352;624

1353;672

1354;638

1355;636

1356;704

1357;683

1358;655

1359;632

1360;673

1361;674

1362;625

1363;665

1364;718

1365;652

1366;702

1367;671

1368;649

1369;620

1370;604

1371;673

1372;694

1373;616

1374;610

1375;616

1376;656

1377;749

1378;609

1379;710

1380;632

1381;606

1382;628

1383;659

1384;603

1385;633

1386;646

1387;612

1388;608

1389;639

1390;606

1391;641

1392;609

1393;627

1394;611

1395;627

1396;838

1397;702

1398;626

1399;684

1400;725

1401;618

1402;655

1403;661

1404;603

1405;611

1406;675

1407;632

1408;837

1409;640

1410;656

1411;638

1412;701

1413;657

1414;664

1415;640

1416;666

1417;659

1418;695

1419;658

1420;1196

1421;632

1422;679

1423;621

1424;650

1425;634

1426;674

1427;780

1428;795

1429;661

1430;707

1431;723

1432;732

1433;679

1434;813

1435;657

1436;650

1437;662

1438;652

1439;712

1440;676

1441;694

1442;690

1443;763

1444;676

1445;743

1446;664

1447;691

1448;680

1449;710

1450;817

1451;738

1452;701

1453;752

1454;744

1455;717

1456;716

1457;697

1458;702

1459;689

1460;805

1461;707

1462;706

1463;703

1464;676

1465;692

1466;784

1467;664

1468;706

1469;663

1470;674

1471;677

1472;670

1473;691

1474;672

1475;703

1476;709

1477;630

1478;897

1479;652

1480;714

1481;656

1482;690

1483;690

1484;724

1485;647

1486;680

1487;652

1488;703

1489;723

1490;672

1491;704

1492;656

1493;675

1494;666

1495;669

1496;729

1497;662

1498;666

1499;703

1500;658

1501;706

1502;667

1503;732

1504;700

1505;668

1506;688

1507;710

1508;665

1509;618

1510;655

1511;669

1512;719

1513;653

1514;671

1515;721

1516;686

1517;714

1518;679

1519;721

1520;707

1521;1650

1522;727

1523;714

1524;745

1525;654

1526;716

1527;647

1528;664

1529;657

1530;698

1531;866

1532;666

1533;705

1534;670

1535;736

1536;749

1537;672

1538;698

1539;772

1540;653

1541;666

1542;706

1543;704

1544;665

1545;728

1546;685

1547;728

1548;697

1549;707

1550;750

1551;746

1552;704

1553;691

1554;792

1555;714

1556;689

1557;1123

1558;690

1559;671

1560;711

1561;766

1562;689

1563;718

1564;732

1565;767

1566;717

1567;694

1568;715

1569;725

1570;772

1571;749

1572;751

1573;776

1574;717

1575;776

1576;748

1577;726

1578;799

1579;730

1580;715

1581;742

1582;1891

1583;765

1584;694

1585;699

1586;681

1587;689

1588;814

1589;715

1590;754

1591;709

1592;638

1593;725

1594;678

1595;692

1596;651

1597;686

1598;757

1599;766

1600;754

1601;667

1602;712

1603;732

1604;669

1605;746

1606;767

1607;704

1608;690

1609;677

1610;642

1611;752

1612;765

1613;662

1614;729

1615;921

1616;668

1617;685

1618;695

1619;863

1620;689

1621;710

1622;694

1623;686

1624;676

1625;692

1626;711

1627;679

1628;884

1629;685

1630;736

1631;737

1632;658

1633;706

1634;698

1635;886

1636;622

1637;702

1638;762

1639;705

1640;743

1641;646

1642;666

1643;755

1644;695

1645;761

1646;703

1647;716

1648;668

1649;719

1650;737

1651;793

1652;763

1653;716

1654;763

1655;748

1656;716

1657;745

1658;748

1659;683

1660;754

1661;698

1662;790

1663;735

1664;726

1665;946

1666;697

1667;733

1668;802

1669;704

1670;866

1671;767

1672;783

1673;757

1674;1018

1675;778

1676;789

1677;770

1678;769

1679;726

1680;796

1681;771

1682;822

1683;814

1684;769

1685;766

1686;726

1687;740

1688;712

1689;772

1690;762

1691;792

1692;743

1693;941

1694;801

1695;884

1696;836

1697;826

1698;1014

1699;1022

1700;769

1701;760

1702;796

1703;785

1704;800

1705;778

1706;768

1707;802

1708;794

1709;799

1710;792

1711;804

1712;820

1713;842

1714;800

1715;823

1716;836

1717;958

1718;843

1719;827

1720;833

1721;918

1722;878

1723;940

1724;878

1725;895

1726;864

1727;856

1728;988

1729;1036

1730;1158

1731;910

1732;958

1733;971

1734;957

1735;914

1736;973

1737;965

1738;986

1739;949

1740;1001

1741;980

1742;978

1743;1060

1744;932

1745;1036

1746;1027

1747;944

1748;991

1749;1010

1750;1007

1751;1052

1752;982

1753;1061

1754;1013

1755;947

1756;1067

1757;1033

1758;1056

1759;969

1760;1014

1761;1035

1762;961

1763;971

1764;1020

1765;1044

1766;1051

1767;994

1768;1026

1769;988

1770;1183

1771;985

1772;1023

1773;1638

1774;969

1775;983

1776;965

1777;1226

1778;986

1779;1046

1780;917

1781;1035

1782;1018

1783;994

1784;961

1785;964

1786;1177

1787;1008

1788;1032

1789;1034

1790;1049

1791;1017

1792;1042

1793;1025

1794;1025

1795;974

1796;954

1797;966

1798;1026

1799;959

1800;972

1801;982

1802;951

1803;948

1804;964

1805;987

1806;942

1807;1101

1808;996

1809;973

1810;1015

1811;1053

1812;954

1813;1026

1814;995

1815;954

1816;993

1817;949

1818;1009

1819;1014

1820;1098

1821;1046

1822;1002

1823;1064

1824;1014

1825;1182

1826;1045

1827;1103

1828;1021

1829;1108

1830;1087

1831;1092

1832;1120

1833;1109

1834;1130

1835;1080

1836;1157

1837;1251

1838;1172

1839;1164

1840;1186

1841;1180

1842;1175

1843;1196

1844;1212

1845;1449

1846;1279

1847;1196

1848;1217

1849;1254

1850;1322

1851;1299

1852;1242

1853;1348

1854;1344

1855;1360

1856;1406

1857;1367

1858;1416

1859;1439

1860;1461

1861;1394

1862;1501

1863;1497

1864;1485

1865;1584

1866;1516

1867;1571

1868;1592

1869;1594

1870;1587

1871;1623

1872;1661

1873;1662

1874;1808

1875;1774

1876;1736

1877;1773

1878;1700

1879;1791

1880;1809

1881;1967

1882;1879

1883;1853

1884;1898

1885;1969

1886;2087

1887;2133

1888;2155

1889;2154

1890;2200

1891;2112

1892;1994

1893;1842

1894;1820

1895;1490

1896;1234

1897;951

1898;758

1899;716

1900;635

1901;633

1902;610

1903;644

1904;612

1905;650

1906;612

1907;556

1908;588

1909;618

1910;597

1911;592

1912;662

1913;654

1914;654

1915;646

1916;724

1917;648

1918;725

1919;684

1920;711

1921;738

1922;667

1923;790

1924;714

1925;754

1926;771

1927;812

1928;995

1929;949

1930;937

1931;1064

1932;1064

1933;1225

1934;1425

1935;2230

1936;8488

1937;61356

1938;65535

1939;65535

1940;65535

1941;50668

1942;23126

1943;5312

1944;2051

1945;1505

1946;1258

1947;1114

1948;972

1949;1039

1950;888

1951;826

1952;808

1953;795

1954;742

1955;837

1956;759

1957;746

1958;694

1959;640

1960;588

1961;662

1962;622

1963;656

1964;605

1965;629

1966;652

1967;580

1968;673

1969;552

1970;623

1971;604

1972;569

1973;630

1974;578

1975;568

1976;608

1977;653

1978;590

1979;553

1980;542

1981;556

1982;622

1983;577

1984;559

1985;580

1986;536

1987;552

1988;549

1989;572

1990;606

1991;581

1992;620

1993;551

1994;529

1995;600

1996;550

1997;540

1998;582

1999;579

2000;692

2001;537

2002;536

2003;524

2004;590

2005;625

2006;534

2007;716

2008;519

2009;594

2010;860

2011;652

2012;738

2013;587

2014;539

2015;637

2016;602

2017;755

2018;552

2019;544

2020;546

2021;554

2022;668

2023;576

2024;555

2025;622

2026;654

2027;508

2028;511

2029;531

2030;621

2031;574

2032;544

2033;538

2034;629

2035;474

2036;565

2037;572

2038;520

2039;500

2040;506

2041;548

2042;518

2043;524

2044;548

2045;612

2046;633

2047;508

