Data
0;470

1;322

2;306

3;299

4;307

5;551

6;568

7;497

8;535

9;541

10;594

11;583

12;540

13;520

14;556

15;606

16;620

17;623

18;595

19;634

20;567

21;527

22;556

23;588

24;544

25;549

26;555

27;672

28;554

29;610

30;562

31;553

32;554

33;600

34;702

35;595

36;628

37;692

38;612

39;642

40;574

41;566

42;573

43;590

44;608

45;578

46;696

47;652

48;676

49;562

50;1056

51;652

52;611

53;640

54;574

55;614

56;605

57;638

58;604

59;609

60;576

61;668

62;728

63;668

64;647

65;644

66;631

67;634

68;626

69;618

70;699

71;710

72;626

73;595

74;570

75;598

76;593

77;640

78;549

79;612

80;563

81;576

82;652

83;644

84;554

85;715

86;603

87;653

88;596

89;610

90;649

91;574

92;552

93;571

94;609

95;562

96;581

97;586

98;569

99;648

100;580

101;617

102;669

103;615

104;561

105;620

106;590

107;625

108;564

109;591

110;605

111;688

112;641

113;600

114;605

115;678

116;594

117;638

118;562

119;564

120;586

121;627

122;585

123;681

124;540

125;612

126;678

127;602

128;627

129;583

130;718

131;546

132;544

133;588

134;544

135;665

136;574

137;571

138;588

139;593

140;641

141;586

142;630

143;554

144;530

145;612

146;588

147;640

148;573

149;572

150;644

151;610

152;707

153;506

154;572

155;586

156;587

157;522

158;578

159;637

160;568

161;551

162;604

163;624

164;558

165;587

166;611

167;660

168;577

169;614

170;582

171;508

172;698

173;626

174;564

175;626

176;577

177;594

178;578

179;574

180;530

181;559

182;552

183;603

184;526

185;599

186;618

187;553

188;676

189;576

190;540

191;591

192;609

193;516

194;748

195;593

196;574

197;602

198;574

199;571

200;579

201;587

202;631

203;545

204;597

205;558

206;610

207;571

208;566

209;596

210;572

211;542

212;572

213;547

214;840

215;540

216;625

217;546

218;593

219;626

220;580

221;567

222;598

223;633

224;612

225;602

226;604

227;604

228;612

229;624

230;617

231;544

232;564

233;506

234;661

235;685

236;584

237;547

238;587

239;619

240;564

241;572

242;619

243;546

244;599

245;689

246;567

247;629

248;626

249;588

250;572

251;636

252;622

253;594

254;581

255;574

256;610

257;628

258;601

259;610

260;583

261;618

262;604

263;623

264;648

265;646

266;626

267;634

268;642

269;643

270;609

271;663

272;660

273;758

274;701

275;756

276;651

277;720

278;769

279;693

280;703

281;767

282;723

283;657

284;723

285;689

286;698

287;664

288;658

289;830

290;662

291;696

292;696

293;1866

294;668

295;673

296;696

297;627

298;625

299;694

300;683

301;692

302;742

303;670

304;679

305;705

306;748

307;661

308;723

309;870

310;714

311;704

312;674

313;738

314;783

315;1492

316;669

317;690

318;699

319;761

320;698

321;740

322;760

323;750

324;684

325;681

326;673

327;677

328;682

329;666

330;737

331;684

332;672

333;707

334;680

335;659

336;656

337;640

338;667

339;640

340;691

341;649

342;658

343;669

344;689

345;634

346;650

347;744

348;651

349;683

350;638

351;824

352;672

353;652

354;795

355;624

356;738

357;692

358;715

359;583

360;620

361;605

362;554

363;591

364;556

365;648

366;627

367;562

368;532

369;669

370;533

371;596

372;605

373;571

374;557

375;544

376;536

377;561

378;534

379;557

380;555

381;514

382;514

383;527

384;604

385;577

386;523

387;514

388;627

389;535

390;529

391;546

392;524

393;508

394;562

395;520

396;516

397;650

398;504

399;592

400;496

401;567

402;512

403;545

404;581

405;539

406;488

407;576

408;524

409;540

410;513

411;540

412;554

413;571

414;492

415;518

416;576

417;525

418;579

419;571

420;554

421;543

422;541

423;564

424;534

425;595

426;541

427;559

428;506

429;613

430;538

431;541

432;670

433;521

434;522

435;492

436;562

437;501

438;611

439;522

440;520

441;571

442;524

443;598

444;542

445;574

446;534

447;530

448;644

449;719

450;564

451;530

452;555

453;586

454;559

455;515

456;610

457;513

458;548

459;519

460;548

461;576

462;486

463;542

464;617

465;486

466;544

467;546

468;521

469;482

470;593

471;528

472;568

473;511

474;550

475;519

476;478

477;570

478;476

479;526

480;522

481;548

482;559

483;525

484;572

485;642

486;529

487;594

488;534

489;513

490;501

491;529

492;652

493;579

494;728

495;510

496;546

497;594

498;540

499;540

500;551

501;573

502;560

503;588

504;543

505;510

506;509

507;536

508;528

509;510

510;552

511;581

512;510

513;465

514;517

515;537

516;543

517;513

518;527

519;544

520;566

521;562

522;472

523;521

524;585

525;505

526;546

527;521

528;540

529;536

530;524

531;520

532;488

533;517

534;476

535;518

536;512

537;564

538;548

539;560

540;537

541;560

542;572

543;498

544;590

545;479

546;617

547;531

548;484

549;512

550;586

551;538

552;552

553;505

554;528

555;510

556;483

557;506

558;592

559;567

560;542

561;492

562;470

563;552

564;614

565;527

566;480

567;518

568;626

569;540

570;490

571;566

572;512

573;502

574;526

575;496

576;515

577;528

578;550

579;515

580;523

581;533

582;518

583;536

584;546

585;485

586;528

587;522

588;512

589;682

590;538

591;554

592;540

593;513

594;500

595;508

596;498

597;577

598;502

599;540

600;525

601;546

602;558

603;518

604;491

605;740

606;620

607;536

608;538

609;528

610;543

611;489

612;466

613;517

614;585

615;548

616;510

617;566

618;520

619;536

620;519

621;518

622;530

623;523

624;533

625;526

626;564

627;503

628;550

629;514

630;561

631;500

632;580

633;495

634;555

635;468

636;541

637;534

638;580

639;524

640;581

641;552

642;552

643;528

644;476

645;542

646;535

647;650

648;548

649;505

650;506

651;497

652;501

653;515

654;514

655;656

656;767

657;1096

658;498

659;522

660;557

661;540

662;540

663;480

664;514

665;527

666;479

667;533

668;522

669;559

670;498

671;533

672;466

673;516

674;520

675;546

676;545

677;615

678;471

679;499

680;535

681;531

682;499

683;532

684;476

685;482

686;493

687;502

688;498

689;501

690;486

691;544

692;487

693;587

694;514

695;515

696;508

697;518

698;495

699;658

700;522

701;503

702;516

703;533

704;522

705;518

706;495

707;572

708;550

709;573

710;531

711;523

712;562

713;572

714;706

715;495

716;517

717;548

718;516

719;556

720;540

721;514

722;528

723;530

724;467

725;549

726;543

727;622

728;577

729;560

730;526

731;517

732;510

733;540

734;572

735;523

736;581

737;543

738;584

739;584

740;506

741;578

742;518

743;490

744;520

745;502

746;586

747;498

748;508

749;497

750;542

751;522

752;549

753;496

754;528

755;528

756;476

757;590

758;536

759;902

760;563

761;535

762;554

763;528

764;544

765;485

766;599

767;499

768;619

769;524

770;522

771;542

772;489

773;548

774;606

775;539

776;654

777;529

778;494

779;578

780;591

781;563

782;512

783;569

784;540

785;544

786;516

787;493

788;548

789;519

790;1038

791;516

792;606

793;528

794;562

795;536

796;527

797;514

798;574

799;519

800;531

801;554

802;590

803;566

804;530

805;531

806;486

807;496

808;542

809;553

810;554

811;532

812;629

813;518

814;626

815;491

816;541

817;543

818;652

819;517

820;602

821;523

822;639

823;543

824;526

825;544

826;544

827;663

828;548

829;516

830;555

831;538

832;537

833;616

834;558

835;548

836;512

837;496

838;570

839;513

840;528

841;552

842;564

843;530

844;503

845;569

846;508

847;482

848;640

849;607

850;482

851;499

852;579

853;520

854;538

855;518

856;528

857;536

858;541

859;503

860;541

861;544

862;576

863;542

864;518

865;556

866;537

867;812

868;781

869;540

870;550

871;554

872;564

873;510

874;494

875;513

876;515

877;558

878;582

879;498

880;531

881;486

882;521

883;532

884;613

885;506

886;531

887;514

888;654

889;535

890;508

891;492

892;611

893;525

894;503

895;500

896;538

897;562

898;598

899;520

900;530

901;565

902;518

903;524

904;546

905;602

906;558

907;558

908;577

909;559

910;555

911;508

912;529

913;492

914;530

915;477

916;562

917;543

918;528

919;1140

920;572

921;563

922;515

923;554

924;524

925;578

926;517

927;554

928;525

929;534

930;560

931;559

932;578

933;558

934;574

935;554

936;584

937;618

938;569

939;581

940;499

941;1354

942;551

943;538

944;530

945;602

946;567

947;627

948;551

949;544

950;550

951;512

952;509

953;530

954;566

955;641

956;550

957;503

958;603

959;554

960;543

961;546

962;629

963;612

964;495

965;542

966;507

967;720

968;494

969;532

970;534

971;544

972;582

973;558

974;536

975;525

976;562

977;553

978;532

979;521

980;543

981;528

982;541

983;502

984;568

985;638

986;530

987;511

988;494

989;572

990;647

991;517

992;551

993;487

994;544

995;522

996;593

997;627

998;544

999;557

1000;524

1001;556

1002;520

1003;523

1004;569

1005;552

1006;558

1007;532

1008;517

1009;602

1010;518

1011;662

1012;504

1013;520

1014;590

1015;527

1016;599

1017;574

1018;604

1019;500

1020;520

1021;530

1022;532

1023;552

1024;564

1025;605

1026;570

1027;567

1028;510

1029;593

1030;539

1031;556

1032;606

1033;562

1034;546

1035;524

1036;532

1037;548

1038;547

1039;562

1040;548

1041;538

1042;608

1043;574

1044;551

1045;521

1046;594

1047;548

1048;567

1049;504

1050;514

1051;524

1052;536

1053;516

1054;501

1055;533

1056;522

1057;550

1058;542

1059;587

1060;903

1061;535

1062;535

1063;568

1064;559

1065;545

1066;572

1067;555

1068;634

1069;577

1070;609

1071;520

1072;546

1073;552

1074;520

1075;540

1076;579

1077;523

1078;585

1079;532

1080;551

1081;936

1082;668

1083;534

1084;524

1085;544

1086;544

1087;558

1088;560

1089;547

1090;571

1091;652

1092;640

1093;618

1094;546

1095;610

1096;627

1097;617

1098;581

1099;591

1100;562

1101;608

1102;581

1103;562

1104;659

1105;588

1106;596

1107;604

1108;615

1109;601

1110;615

1111;976

1112;677

1113;606

1114;580

1115;601

1116;643

1117;623

1118;579

1119;586

1120;617

1121;642

1122;588

1123;656

1124;584

1125;654

1126;650

1127;630

1128;593

1129;606

1130;683

1131;685

1132;632

1133;661

1134;678

1135;650

1136;650

1137;670

1138;670

1139;670

1140;666

1141;684

1142;684

1143;694

1144;669

1145;886

1146;718

1147;689

1148;654

1149;695

1150;735

1151;760

1152;640

1153;658

1154;779

1155;645

1156;657

1157;632

1158;625

1159;611

1160;631

1161;652

1162;640

1163;646

1164;634

1165;690

1166;648

1167;636

1168;587

1169;631

1170;692

1171;616

1172;658

1173;600

1174;655

1175;609

1176;645

1177;644

1178;610

1179;607

1180;586

1181;610

1182;583

1183;668

1184;685

1185;635

1186;575

1187;633

1188;682

1189;640

1190;616

1191;581

1192;630

1193;604

1194;642

1195;666

1196;666

1197;660

1198;584

1199;638

1200;615

1201;694

1202;620

1203;624

1204;704

1205;595

1206;742

1207;587

1208;723

1209;602

1210;847

1211;624

1212;625

1213;610

1214;606

1215;722

1216;565

1217;594

1218;590

1219;598

1220;612

1221;624

1222;612

1223;751

1224;662

1225;611

1226;694

1227;583

1228;631

1229;673

1230;632

1231;563

1232;602

1233;618

1234;605

1235;710

1236;638

1237;624

1238;628

1239;642

1240;665

1241;682

1242;702

1243;673

1244;687

1245;656

1246;740

1247;753

1248;718

1249;764

1250;799

1251;799

1252;786

1253;820

1254;813

1255;883

1256;854

1257;864

1258;848

1259;874

1260;833

1261;848

1262;873

1263;895

1264;946

1265;849

1266;870

1267;884

1268;797

1269;784

1270;723

1271;823

1272;756

1273;748

1274;685

1275;776

1276;688

1277;703

1278;760

1279;651

1280;711

1281;704

1282;815

1283;639

1284;646

1285;635

1286;715

1287;678

1288;610

1289;650

1290;688

1291;686

1292;708

1293;739

1294;738

1295;695

1296;635

1297;653

1298;652

1299;764

1300;671

1301;708

1302;699

1303;672

1304;678

1305;729

1306;752

1307;727

1308;686

1309;679

1310;679

1311;658

1312;831

1313;716

1314;700

1315;730

1316;733

1317;687

1318;728

1319;729

1320;703

1321;705

1322;718

1323;732

1324;734

1325;691

1326;744

1327;710

1328;739

1329;738

1330;707

1331;764

1332;828

1333;779

1334;758

1335;816

1336;802

1337;910

1338;803

1339;879

1340;1263

1341;867

1342;760

1343;847

1344;782

1345;716

1346;711

1347;784

1348;762

1349;754

1350;813

1351;833

1352;704

1353;761

1354;731

1355;757

1356;787

1357;757

1358;759

1359;717

1360;773

1361;784

1362;710

1363;730

1364;786

1365;750

1366;786

1367;747

1368;726

1369;680

1370;702

1371;754

1372;750

1373;698

1374;681

1375;680

1376;702

1377;790

1378;670

1379;788

1380;694

1381;648

1382;688

1383;747

1384;671

1385;684

1386;708

1387;678

1388;688

1389;692

1390;679

1391;690

1392;656

1393;699

1394;674

1395;704

1396;875

1397;776

1398;671

1399;742

1400;788

1401;672

1402;733

1403;742

1404;662

1405;660

1406;735

1407;695

1408;884

1409;707

1410;726

1411;737

1412;786

1413;721

1414;719

1415;712

1416;723

1417;756

1418;764

1419;729

1420;1411

1421;706

1422;735

1423;712

1424;749

1425;722

1426;786

1427;882

1428;892

1429;813

1430;812

1431;841

1432;824

1433;772

1434;926

1435;749

1436;752

1437;734

1438;730

1439;802

1440;782

1441;782

1442;802

1443;866

1444;776

1445;901

1446;805

1447;808

1448;801

1449;840

1450;922

1451;845

1452;831

1453;845

1454;883

1455;833

1456;807

1457;820

1458;833

1459;801

1460;936

1461;840

1462;837

1463;805

1464;748

1465;786

1466;854

1467;758

1468;792

1469;758

1470;776

1471;739

1472;781

1473;772

1474;778

1475;776

1476;778

1477;732

1478;984

1479;706

1480;798

1481;744

1482;769

1483;758

1484;820

1485;705

1486;768

1487;736

1488;778

1489;806

1490;755

1491;798

1492;739

1493;778

1494;746

1495;770

1496;818

1497;731

1498;755

1499;771

1500;748

1501;784

1502;737

1503;822

1504;762

1505;739

1506;757

1507;778

1508;725

1509;701

1510;749

1511;741

1512;812

1513;741

1514;753

1515;796

1516;754

1517;777

1518;780

1519;794

1520;786

1521;1750

1522;813

1523;792

1524;811

1525;731

1526;823

1527;723

1528;750

1529;738

1530;803

1531;955

1532;762

1533;826

1534;778

1535;817

1536;810

1537;785

1538;788

1539;867

1540;770

1541;758

1542;791

1543;807

1544;749

1545;824

1546;800

1547;798

1548;820

1549;806

1550;856

1551;849

1552;813

1553;788

1554;907

1555;814

1556;797

1557;1231

1558;795

1559;797

1560;786

1561;876

1562;783

1563;792

1564;843

1565;860

1566;814

1567;789

1568;836

1569;813

1570;842

1571;844

1572;844

1573;849

1574;818

1575;854

1576;841

1577;825

1578;877

1579;799

1580;813

1581;824

1582;1967

1583;840

1584;794

1585;759

1586;760

1587;794

1588;918

1589;791

1590;814

1591;760

1592;714

1593;819

1594;742

1595;791

1596;713

1597;778

1598;805

1599;844

1600;829

1601;755

1602;748

1603;841

1604;722

1605;825

1606;845

1607;811

1608;750

1609;763

1610;770

1611;845

1612;836

1613;742

1614;819

1615;1014

1616;753

1617;766

1618;747

1619;968

1620;759

1621;802

1622;781

1623;780

1624;759

1625;760

1626;800

1627;770

1628;960

1629;766

1630;841

1631;792

1632;741

1633;791

1634;812

1635;957

1636;714

1637;792

1638;817

1639;766

1640;810

1641;770

1642;729

1643;858

1644;794

1645;823

1646;768

1647;836

1648;753

1649;807

1650;822

1651;870

1652;854

1653;792

1654;826

1655;852

1656;829

1657;817

1658;837

1659;780

1660;848

1661;790

1662;871

1663;820

1664;824

1665;1050

1666;784

1667;818

1668;872

1669;791

1670;982

1671;881

1672;878

1673;849

1674;1104

1675;871

1676;880

1677;876

1678;879

1679;805

1680;882

1681;868

1682;935

1683;910

1684;900

1685;861

1686;845

1687;841

1688;830

1689;894

1690;839

1691;907

1692;854

1693;1045

1694;925

1695;971

1696;921

1697;899

1698;1089

1699;1126

1700;834

1701;854

1702;893

1703;878

1704;899

1705;878

1706;850

1707;939

1708;901

1709;877

1710;895

1711;901

1712;893

1713;951

1714;892

1715;935

1716;973

1717;1074

1718;956

1719;946

1720;928

1721;1013

1722;992

1723;1079

1724;1026

1725;994

1726;988

1727;999

1728;1083

1729;1128

1730;1282

1731;1024

1732;1089

1733;1119

1734;1086

1735;1042

1736;1116

1737;1070

1738;1143

1739;1061

1740;1094

1741;1125

1742;1103

1743;1174

1744;1080

1745;1146

1746;1139

1747;1107

1748;1122

1749;1127

1750;1130

1751;1199

1752;1116

1753;1200

1754;1172

1755;1098

1756;1229

1757;1154

1758;1160

1759;1119

1760;1171

1761;1174

1762;1124

1763;1113

1764;1121

1765;1183

1766;1186

1767;1129

1768;1157

1769;1065

1770;1084

1771;1090

1772;1178

1773;1770

1774;1090

1775;1122

1776;1062

1777;1306

1778;1153

1779;1139

1780;1068

1781;1143

1782;1123

1783;1118

1784;1088

1785;1136

1786;1338

1787;1126

1788;1180

1789;1190

1790;1178

1791;1187

1792;1221

1793;1194

1794;1169

1795;1145

1796;1110

1797;1094

1798;1145

1799;1094

1800;1117

1801;1113

1802;1119

1803;1094

1804;1125

1805;1098

1806;1100

1807;1269

1808;1177

1809;1110

1810;1146

1811;1229

1812;1069

1813;1214

1814;1137

1815;1144

1816;1156

1817;1126

1818;1191

1819;1159

1820;1250

1821;1191

1822;1205

1823;1252

1824;1192

1825;1372

1826;1241

1827;1258

1828;1221

1829;1326

1830;1264

1831;1260

1832;1322

1833;1333

1834;1319

1835;1327

1836;1400

1837;1451

1838;1353

1839;1404

1840;1428

1841;1427

1842;1424

1843;1451

1844;1494

1845;1736

1846;1555

1847;1501

1848;1514

1849;1530

1850;1647

1851;1641

1852;1604

1853;1682

1854;1693

1855;1649

1856;1758

1857;1700

1858;1814

1859;1810

1860;1851

1861;1785

1862;1914

1863;1886

1864;1910

1865;1966

1866;1937

1867;1992

1868;2033

1869;2004

1870;2056

1871;2103

1872;2123

1873;2150

1874;2328

1875;2268

1876;2246

1877;2268

1878;2211

1879;2300

1880;2370

1881;2540

1882;2440

1883;2382

1884;2521

1885;2551

1886;2674

1887;2739

1888;2705

1889;2811

1890;2803

1891;2723

1892;2590

1893;2387

1894;2317

1895;1875

1896;1488

1897;1088

1898;886

1899;795

1900;700

1901;689

1902;650

1903;690

1904;649

1905;698

1906;650

1907;614

1908;644

1909;666

1910;639

1911;626

1912;714

1913;690

1914;700

1915;703

1916;788

1917;695

1918;804

1919;721

1920;820

1921;789

1922;738

1923;868

1924;776

1925;851

1926;880

1927;908

1928;1122

1929;1064

1930;1077

1931;1210

1932;1282

1933;1497

1934;1738

1935;2782

1936;11720

1937;65535

1938;65535

1939;65535

1940;65535

1941;65535

1942;29770

1943;6688

1944;2487

1945;1843

1946;1549

1947;1280

1948;1148

1949;1196

1950;1006

1951;917

1952;884

1953;899

1954;835

1955;926

1956;802

1957;845

1958;727

1959;704

1960;644

1961;709

1962;691

1963;690

1964;643

1965;646

1966;690

1967;629

1968;687

1969;583

1970;632

1971;630

1972;594

1973;656

1974;618

1975;579

1976;637

1977;682

1978;614

1979;566

1980;545

1981;576

1982;641

1983;614

1984;575

1985;604

1986;558

1987;571

1988;549

1989;603

1990;643

1991;598

1992;625

1993;559

1994;550

1995;608

1996;543

1997;544

1998;601

1999;594

2000;719

2001;551

2002;540

2003;516

2004;611

2005;635

2006;546

2007;709

2008;532

2009;596

2010;876

2011;686

2012;750

2013;608

2014;555

2015;653

2016;590

2017;747

2018;573

2019;547

2020;536

2021;659

2022;688

2023;568

2024;559

2025;646

2026;670

2027;538

2028;542

2029;546

2030;625

2031;599

2032;552

2033;530

2034;652

2035;504

2036;568

2037;595

2038;507

2039;530

2040;552

2041;526

2042;535

2043;546

2044;552

2045;629

2046;611

2047;524

