Data
0;465

1;314

2;304

3;302

4;296

5;555

6;578

7;508

8;532

9;540

10;602

11;582

12;517

13;539

14;561

15;604

16;629

17;666

18;574

19;632

20;574

21;530

22;562

23;588

24;553

25;541

26;558

27;665

28;546

29;634

30;553

31;558

32;547

33;603

34;723

35;586

36;633

37;702

38;617

39;605

40;566

41;571

42;559

43;592

44;604

45;550

46;696

47;650

48;682

49;578

50;1048

51;638

52;617

53;646

54;585

55;610

56;606

57;656

58;609

59;599

60;582

61;646

62;718

63;665

64;674

65;633

66;641

67;657

68;612

69;641

70;700

71;731

72;635

73;594

74;577

75;586

76;578

77;666

78;570

79;617

80;568

81;570

82;630

83;659

84;566

85;701

86;588

87;653

88;608

89;622

90;641

91;580

92;562

93;546

94;609

95;590

96;601

97;608

98;581

99;649

100;588

101;601

102;692

103;614

104;560

105;625

106;598

107;608

108;578

109;584

110;588

111;703

112;647

113;616

114;622

115;659

116;596

117;624

118;573

119;557

120;583

121;604

122;594

123;669

124;536

125;600

126;666

127;607

128;611

129;608

130;729

131;538

132;537

133;570

134;529

135;633

136;578

137;580

138;578

139;605

140;651

141;578

142;613

143;540

144;519

145;605

146;592

147;642

148;576

149;562

150;604

151;618

152;731

153;516

154;579

155;581

156;582

157;522

158;609

159;652

160;586

161;573

162;610

163;628

164;578

165;609

166;589

167;685

168;584

169;611

170;599

171;503

172;722

173;628

174;590

175;624

176;574

177;600

178;600

179;580

180;529

181;549

182;551

183;567

184;515

185;598

186;615

187;540

188;662

189;568

190;526

191;599

192;599

193;508

194;733

195;620

196;600

197;592

198;563

199;538

200;570

201;587

202;634

203;562

204;584

205;563

206;615

207;565

208;567

209;609

210;574

211;544

212;566

213;552

214;833

215;528

216;659

217;545

218;610

219;640

220;569

221;540

222;582

223;620

224;594

225;598

226;598

227;601

228;630

229;582

230;622

231;534

232;548

233;519

234;676

235;692

236;589

237;557

238;586

239;606

240;554

241;592

242;592

243;543

244;592

245;694

246;553

247;640

248;585

249;574

250;556

251;631

252;620

253;596

254;586

255;591

256;611

257;606

258;601

259;593

260;589

261;621

262;595

263;642

264;641

265;662

266;615

267;626

268;632

269;627

270;617

271;675

272;666

273;741

274;705

275;734

276;647

277;733

278;754

279;672

280;688

281;766

282;717

283;643

284;715

285;712

286;692

287;668

288;669

289;804

290;641

291;688

292;684

293;1879

294;640

295;689

296;694

297;627

298;618

299;712

300;672

301;689

302;743

303;694

304;673

305;690

306;740

307;676

308;735

309;894

310;728

311;700

312;661

313;723

314;777

315;1499

316;674

317;720

318;685

319;779

320;696

321;717

322;746

323;728

324;677

325;694

326;681

327;682

328;696

329;677

330;718

331;705

332;669

333;680

334;668

335;684

336;651

337;638

338;668

339;611

340;679

341;658

342;668

343;685

344;688

345;644

346;650

347;738

348;648

349;675

350;634

351;840

352;662

353;648

354;812

355;623

356;717

357;693

358;711

359;602

360;620

361;618

362;542

363;591

364;570

365;648

366;646

367;551

368;528

369;642

370;556

371;616

372;594

373;567

374;558

375;540

376;532

377;561

378;526

379;542

380;536

381;514

382;530

383;527

384;622

385;565

386;527

387;516

388;634

389;533

390;542

391;520

392;526

393;521

394;567

395;511

396;536

397;640

398;504

399;600

400;529

401;564

402;516

403;544

404;572

405;534

406;496

407;572

408;530

409;539

410;506

411;553

412;568

413;561

414;509

415;506

416;573

417;524

418;577

419;588

420;542

421;523

422;571

423;588

424;530

425;583

426;546

427;567

428;497

429;607

430;559

431;529

432;662

433;526

434;507

435;494

436;561

437;498

438;615

439;506

440;518

441;555

442;547

443;581

444;560

445;560

446;541

447;530

448;648

449;718

450;583

451;533

452;557

453;586

454;554

455;520

456;597

457;502

458;556

459;516

460;576

461;568

462;498

463;558

464;622

465;482

466;539

467;548

468;526

469;489

470;582

471;522

472;560

473;500

474;543

475;520

476;488

477;579

478;483

479;528

480;519

481;553

482;566

483;525

484;566

485;647

486;532

487;598

488;524

489;532

490;499

491;511

492;665

493;596

494;751

495;501

496;549

497;594

498;546

499;533

500;526

501;570

502;550

503;576

504;535

505;510

506;499

507;548

508;534

509;510

510;540

511;566

512;535

513;482

514;520

515;537

516;560

517;518

518;523

519;537

520;561

521;567

522;484

523;524

524;578

525;501

526;564

527;524

528;530

529;538

530;546

531;523

532;501

533;518

534;494

535;540

536;509

537;583

538;560

539;560

540;550

541;578

542;590

543;484

544;586

545;505

546;658

547;536

548;487

549;510

550;629

551;535

552;550

553;485

554;514

555;520

556;484

557;505

558;567

559;557

560;530

561;489

562;466

563;547

564;612

565;540

566;476

567;522

568;622

569;558

570;489

571;556

572;517

573;525

574;529

575;461

576;515

577;506

578;578

579;491

580;536

581;533

582;540

583;541

584;559

585;502

586;527

587;522

588;492

589;699

590;528

591;543

592;550

593;515

594;464

595;512

596;526

597;567

598;524

599;531

600;521

601;554

602;555

603;529

604;506

605;748

606;641

607;536

608;538

609;531

610;523

611;516

612;461

613;512

614;582

615;570

616;507

617;565

618;532

619;544

620;505

621;516

622;528

623;514

624;526

625;536

626;545

627;500

628;541

629;508

630;544

631;490

632;574

633;489

634;563

635;478

636;538

637;530

638;598

639;524

640;595

641;535

642;576

643;518

644;458

645;543

646;544

647;641

648;555

649;523

650;499

651;510

652;499

653;514

654;518

655;637

656;776

657;1081

658;489

659;507

660;554

661;533

662;541

663;468

664;497

665;538

666;505

667;538

668;524

669;570

670;512

671;558

672;493

673;518

674;513

675;546

676;558

677;635

678;486

679;509

680;547

681;529

682;508

683;554

684;470

685;494

686;494

687;496

688;493

689;512

690;486

691;546

692;474

693;600

694;510

695;534

696;520

697;521

698;491

699;689

700;502

701;486

702;518

703;518

704;539

705;529

706;514

707;559

708;528

709;589

710;540

711;536

712;548

713;559

714;715

715;479

716;513

717;553

718;525

719;553

720;522

721;524

722;515

723;540

724;451

725;538

726;544

727;604

728;565

729;570

730;524

731;525

732;508

733;530

734;571

735;503

736;574

737;536

738;583

739;584

740;492

741;563

742;520

743;488

744;530

745;490

746;583

747;506

748;507

749;500

750;532

751;516

752;546

753;502

754;535

755;524

756;464

757;578

758;547

759;917

760;567

761;541

762;547

763;522

764;526

765;504

766;590

767;500

768;631

769;508

770;518

771;524

772;474

773;516

774;598

775;547

776;664

777;530

778;475

779;558

780;567

781;573

782;502

783;558

784;529

785;563

786;512

787;490

788;546

789;518

790;1032

791;500

792;604

793;530

794;583

795;512

796;509

797;508

798;555

799;522

800;525

801;553

802;576

803;552

804;525

805;515

806;480

807;487

808;537

809;548

810;566

811;526

812;635

813;508

814;615

815;517

816;506

817;559

818;650

819;533

820;593

821;516

822;665

823;528

824;521

825;544

826;550

827;676

828;577

829;524

830;546

831;561

832;558

833;589

834;572

835;550

836;508

837;508

838;587

839;502

840;514

841;542

842;566

843;542

844;528

845;594

846;500

847;475

848;639

849;604

850;499

851;514

852;575

853;511

854;546

855;521

856;517

857;522

858;519

859;495

860;569

861;542

862;586

863;534

864;525

865;567

866;546

867;785

868;776

869;517

870;543

871;546

872;539

873;497

874;501

875;524

876;514

877;568

878;561

879;504

880;525

881;495

882;523

883;524

884;614

885;492

886;537

887;520

888;649

889;546

890;526

891;500

892;619

893;512

894;519

895;491

896;506

897;555

898;589

899;518

900;542

901;561

902;510

903;526

904;542

905;578

906;566

907;565

908;588

909;553

910;578

911;520

912;530

913;503

914;530

915;483

916;564

917;526

918;532

919;1129

920;567

921;553

922;506

923;566

924;526

925;576

926;502

927;553

928;534

929;524

930;567

931;541

932;592

933;555

934;580

935;562

936;564

937;606

938;569

939;582

940;501

941;1352

942;540

943;524

944;532

945;610

946;566

947;610

948;556

949;577

950;559

951;514

952;495

953;513

954;566

955;632

956;554

957;529

958;602

959;550

960;534

961;532

962;644

963;593

964;494

965;532

966;513

967;713

968;500

969;534

970;525

971;534

972;575

973;574

974;556

975;547

976;547

977;568

978;538

979;534

980;552

981;526

982;530

983;498

984;587

985;630

986;537

987;497

988;496

989;585

990;650

991;523

992;543

993;512

994;534

995;532

996;583

997;627

998;542

999;535

1000;547

1001;538

1002;531

1003;545

1004;571

1005;553

1006;558

1007;536

1008;531

1009;605

1010;528

1011;659

1012;505

1013;528

1014;576

1015;526

1016;587

1017;587

1018;618

1019;508

1020;509

1021;522

1022;524

1023;562

1024;594

1025;595

1026;548

1027;584

1028;507

1029;593

1030;523

1031;548

1032;606

1033;554

1034;539

1035;535

1036;522

1037;558

1038;539

1039;567

1040;542

1041;532

1042;609

1043;573

1044;540

1045;530

1046;620

1047;552

1048;564

1049;530

1050;540

1051;526

1052;511

1053;541

1054;518

1055;529

1056;536

1057;570

1058;524

1059;585

1060;897

1061;530

1062;540

1063;566

1064;563

1065;529

1066;577

1067;554

1068;613

1069;578

1070;598

1071;545

1072;556

1073;544

1074;512

1075;514

1076;582

1077;538

1078;580

1079;502

1080;547

1081;913

1082;669

1083;544

1084;534

1085;531

1086;540

1087;556

1088;567

1089;558

1090;565

1091;641

1092;633

1093;611

1094;556

1095;593

1096;632

1097;605

1098;569

1099;586

1100;551

1101;620

1102;579

1103;567

1104;669

1105;582

1106;600

1107;612

1108;630

1109;599

1110;633

1111;969

1112;652

1113;602

1114;563

1115;599

1116;624

1117;595

1118;577

1119;606

1120;621

1121;657

1122;599

1123;668

1124;593

1125;682

1126;674

1127;636

1128;610

1129;596

1130;668

1131;681

1132;636

1133;648

1134;681

1135;650

1136;636

1137;656

1138;670

1139;649

1140;676

1141;697

1142;693

1143;678

1144;692

1145;890

1146;713

1147;697

1148;670

1149;693

1150;712

1151;772

1152;629

1153;645

1154;769

1155;671

1156;656

1157;610

1158;644

1159;621

1160;602

1161;668

1162;662

1163;660

1164;633

1165;679

1166;625

1167;637

1168;604

1169;626

1170;685

1171;604

1172;678

1173;595

1174;673

1175;618

1176;655

1177;632

1178;618

1179;626

1180;604

1181;586

1182;598

1183;665

1184;686

1185;607

1186;564

1187;614

1188;670

1189;638

1190;591

1191;580

1192;645

1193;612

1194;631

1195;646

1196;652

1197;682

1198;609

1199;624

1200;607

1201;714

1202;604

1203;632

1204;705

1205;594

1206;723

1207;582

1208;730

1209;621

1210;836

1211;621

1212;619

1213;594

1214;612

1215;742

1216;576

1217;606

1218;578

1219;574

1220;594

1221;625

1222;617

1223;758

1224;667

1225;589

1226;690

1227;589

1228;644

1229;684

1230;632

1231;576

1232;621

1233;588

1234;607

1235;697

1236;637

1237;640

1238;639

1239;640

1240;674

1241;674

1242;690

1243;660

1244;670

1245;660

1246;734

1247;745

1248;712

1249;781

1250;801

1251;787

1252;808

1253;829

1254;813

1255;855

1256;851

1257;865

1258;852

1259;886

1260;866

1261;860

1262;889

1263;873

1264;960

1265;909

1266;834

1267;863

1268;794

1269;800

1270;722

1271;818

1272;772

1273;745

1274;693

1275;802

1276;698

1277;715

1278;780

1279;644

1280;708

1281;682

1282;818

1283;620

1284;652

1285;649

1286;714

1287;687

1288;618

1289;689

1290;676

1291;690

1292;739

1293;717

1294;718

1295;704

1296;654

1297;667

1298;650

1299;779

1300;676

1301;716

1302;680

1303;676

1304;663

1305;727

1306;756

1307;700

1308;672

1309;728

1310;673

1311;668

1312;859

1313;706

1314;699

1315;737

1316;728

1317;705

1318;748

1319;738

1320;725

1321;706

1322;720

1323;749

1324;744

1325;702

1326;720

1327;698

1328;715

1329;758

1330;712

1331;768

1332;842

1333;794

1334;759

1335;821

1336;804

1337;934

1338;798

1339;885

1340;1259

1341;859

1342;772

1343;867

1344;775

1345;707

1346;697

1347;778

1348;766

1349;764

1350;814

1351;810

1352;688

1353;763

1354;754

1355;750

1356;795

1357;775

1358;746

1359;725

1360;789

1361;765

1362;714

1363;724

1364;802

1365;732

1366;794

1367;757

1368;730

1369;693

1370;687

1371;740

1372;774

1373;677

1374;689

1375;652

1376;734

1377;789

1378;682

1379;768

1380;708

1381;647

1382;696

1383;727

1384;664

1385;696

1386;677

1387;667

1388;671

1389;682

1390;672

1391;695

1392;676

1393;682

1394;680

1395;711

1396;869

1397;775

1398;707

1399;747

1400;808

1401;696

1402;724

1403;732

1404;666

1405;693

1406;738

1407;674

1408;903

1409;680

1410;726

1411;730

1412;800

1413;745

1414;740

1415;705

1416;726

1417;740

1418;752

1419;743

1420;1400

1421;708

1422;752

1423;715

1424;736

1425;731

1426;803

1427;891

1428;886

1429;802

1430;805

1431;819

1432;824

1433;782

1434;912

1435;741

1436;731

1437;737

1438;752

1439;816

1440;764

1441;774

1442;801

1443;859

1444;776

1445;867

1446;757

1447;811

1448;822

1449;837

1450;928

1451;872

1452;825

1453;828

1454;870

1455;831

1456;831

1457;800

1458;808

1459;814

1460;930

1461;834

1462;830

1463;800

1464;774

1465;788

1466;849

1467;782

1468;778

1469;765

1470;776

1471;774

1472;770

1473;784

1474;786

1475;774

1476;789

1477;726

1478;978

1479;729

1480;792

1481;734

1482;789

1483;751

1484;794

1485;720

1486;769

1487;731

1488;778

1489;803

1490;737

1491;804

1492;752

1493;757

1494;756

1495;752

1496;810

1497;732

1498;747

1499;785

1500;737

1501;783

1502;749

1503;821

1504;766

1505;747

1506;740

1507;774

1508;715

1509;708

1510;745

1511;745

1512;821

1513;744

1514;730

1515;811

1516;768

1517;780

1518;763

1519;802

1520;802

1521;1766

1522;828

1523;822

1524;851

1525;730

1526;820

1527;736

1528;752

1529;751

1530;792

1531;950

1532;763

1533;778

1534;787

1535;796

1536;834

1537;757

1538;787

1539;866

1540;750

1541;755

1542;790

1543;828

1544;775

1545;809

1546;795

1547;814

1548;832

1549;795

1550;877

1551;852

1552;818

1553;800

1554;894

1555;809

1556;796

1557;1246

1558;818

1559;783

1560;806

1561;858

1562;780

1563;814

1564;838

1565;863

1566;798

1567;789

1568;820

1569;794

1570;850

1571;848

1572;828

1573;836

1574;822

1575;856

1576;833

1577;854

1578;868

1579;816

1580;824

1581;834

1582;1917

1583;849

1584;777

1585;779

1586;743

1587;778

1588;896

1589;785

1590;824

1591;775

1592;713

1593;813

1594;758

1595;798

1596;731

1597;793

1598;816

1599;826

1600;830

1601;744

1602;772

1603;838

1604;740

1605;834

1606;852

1607;806

1608;768

1609;770

1610;756

1611;862

1612;838

1613;753

1614;794

1615;1036

1616;745

1617;760

1618;776

1619;922

1620;767

1621;824

1622;791

1623;766

1624;767

1625;775

1626;775

1627;778

1628;949

1629;788

1630;845

1631;810

1632;749

1633;791

1634;814

1635;946

1636;730

1637;814

1638;844

1639;776

1640;816

1641;757

1642;723

1643;850

1644;773

1645;837

1646;776

1647;799

1648;767

1649;804

1650;806

1651;875

1652;850

1653;816

1654;818

1655;852

1656;818

1657;850

1658;813

1659;778

1660;861

1661;802

1662;854

1663;811

1664;802

1665;1030

1666;799

1667;824

1668;875

1669;788

1670;946

1671;848

1672;883

1673;866

1674;1121

1675;875

1676;908

1677;906

1678;860

1679;805

1680;904

1681;882

1682;947

1683;922

1684;882

1685;863

1686;824

1687;838

1688;809

1689;884

1690;842

1691;902

1692;850

1693;1009

1694;898

1695;985

1696;910

1697;910

1698;1095

1699;1176

1700;848

1701;867

1702;885

1703;878

1704;889

1705;882

1706;856

1707;916

1708;888

1709;898

1710;891

1711;883

1712;921

1713;976

1714;894

1715;914

1716;950

1717;1056

1718;948

1719;922

1720;946

1721;1039

1722;982

1723;1090

1724;1023

1725;982

1726;992

1727;1005

1728;1103

1729;1141

1730;1245

1731;1022

1732;1089

1733;1090

1734;1076

1735;1040

1736;1083

1737;1096

1738;1118

1739;1052

1740;1090

1741;1128

1742;1116

1743;1177

1744;1058

1745;1159

1746;1180

1747;1104

1748;1130

1749;1131

1750;1158

1751;1196

1752;1135

1753;1209

1754;1162

1755;1099

1756;1230

1757;1168

1758;1192

1759;1136

1760;1176

1761;1179

1762;1114

1763;1119

1764;1120

1765;1173

1766;1220

1767;1136

1768;1174

1769;1088

1770;1098

1771;1102

1772;1159

1773;1646

1774;1088

1775;1156

1776;1096

1777;1304

1778;1178

1779;1169

1780;1058

1781;1125

1782;1143

1783;1131

1784;1088

1785;1140

1786;1356

1787;1140

1788;1187

1789;1189

1790;1200

1791;1192

1792;1207

1793;1190

1794;1204

1795;1130

1796;1113

1797;1105

1798;1204

1799;1121

1800;1106

1801;1144

1802;1131

1803;1086

1804;1128

1805;1133

1806;1117

1807;1277

1808;1137

1809;1142

1810;1151

1811;1234

1812;1098

1813;1184

1814;1141

1815;1138

1816;1136

1817;1123

1818;1185

1819;1188

1820;1262

1821;1204

1822;1160

1823;1214

1824;1203

1825;1376

1826;1245

1827;1252

1828;1222

1829;1320

1830;1263

1831;1289

1832;1298

1833;1324

1834;1344

1835;1294

1836;1408

1837;1495

1838;1353

1839;1402

1840;1407

1841;1461

1842;1421

1843;1475

1844;1498

1845;1710

1846;1572

1847;1510

1848;1516

1849;1545

1850;1630

1851;1661

1852;1585

1853;1662

1854;1668

1855;1696

1856;1774

1857;1734

1858;1806

1859;1792

1860;1875

1861;1770

1862;1918

1863;1901

1864;1949

1865;2000

1866;1934

1867;1990

1868;2045

1869;2020

1870;2045

1871;2088

1872;2137

1873;2190

1874;2285

1875;2305

1876;2277

1877;2253

1878;2264

1879;2278

1880;2364

1881;2492

1882;2443

1883;2437

1884;2484

1885;2532

1886;2683

1887;2764

1888;2809

1889;2794

1890;2783

1891;2745

1892;2600

1893;2368

1894;2287

1895;1863

1896;1449

1897;1067

1898;885

1899;813

1900;702

1901;678

1902;642

1903;682

1904;656

1905;692

1906;662

1907;616

1908;626

1909;686

1910;640

1911;621

1912;720

1913;714

1914;688

1915;701

1916;760

1917;715

1918;789

1919;710

1920;808

1921;801

1922;744

1923;849

1924;778

1925;854

1926;869

1927;926

1928;1118

1929;1069

1930;1084

1931;1235

1932;1293

1933;1470

1934;1756

1935;2775

1936;11694

1937;65535

1938;65535

1939;65535

1940;65535

1941;65535

1942;29566

1943;6534

1944;2503

1945;1845

1946;1515

1947;1305

1948;1120

1949;1180

1950;1024

1951;945

1952;908

1953;842

1954;819

1955;906

1956;835

1957;828

1958;727

1959;708

1960;645

1961;688

1962;677

1963;703

1964;659

1965;676

1966;687

1967;618

1968;692

1969;579

1970;655

1971;636

1972;604

1973;642

1974;599

1975;612

1976;641

1977;668

1978;608

1979;585

1980;558

1981;583

1982;657

1983;608

1984;568

1985;597

1986;559

1987;594

1988;566

1989;574

1990;638

1991;596

1992;629

1993;558

1994;550

1995;585

1996;568

1997;549

1998;625

1999;606

2000;716

2001;552

2002;542

2003;549

2004;620

2005;626

2006;557

2007;707

2008;534

2009;593

2010;890

2011;695

2012;760

2013;594

2014;574

2015;662

2016;610

2017;753

2018;558

2019;564

2020;544

2021;654

2022;692

2023;582

2024;562

2025;640

2026;675

2027;524

2028;540

2029;526

2030;626

2031;578

2032;547

2033;530

2034;644

2035;491

2036;567

2037;591

2038;529

2039;517

2040;512

2041;532

2042;546

2043;546

2044;558

2045;626

2046;649

2047;518

