Data
0;445

1;308

2;302

3;292

4;288

5;540

6;549

7;500

8;502

9;502

10;577

11;562

12;496

13;503

14;544

15;564

16;601

17;598

18;554

19;606

20;547

21;512

22;524

23;552

24;518

25;516

26;523

27;672

28;518

29;606

30;522

31;528

32;509

33;565

34;666

35;547

36;592

37;640

38;583

39;575

40;536

41;528

42;527

43;534

44;561

45;531

46;657

47;612

48;640

49;532

50;997

51;611

52;564

53;594

54;554

55;569

56;562

57;568

58;566

59;553

60;536

61;634

62;664

63;610

64;610

65;610

66;604

67;589

68;584

69;573

70;658

71;686

72;590

73;569

74;545

75;540

76;539

77;598

78;506

79;586

80;528

81;543

82;593

83;605

84;521

85;684

86;555

87;620

88;544

89;584

90;594

91;548

92;524

93;526

94;571

95;534

96;555

97;562

98;538

99;633

100;553

101;554

102;640

103;574

104;517

105;602

106;544

107;572

108;528

109;559

110;570

111;666

112;624

113;557

114;579

115;624

116;556

117;602

118;524

119;538

120;562

121;578

122;540

123;662

124;508

125;584

126;640

127;572

128;582

129;564

130;685

131;488

132;534

133;548

134;504

135;614

136;524

137;536

138;550

139;556

140;609

141;531

142;590

143;532

144;502

145;563

146;565

147;623

148;550

149;522

150;602

151;589

152;671

153;493

154;536

155;548

156;546

157;505

158;561

159;618

160;550

161;558

162;604

163;604

164;543

165;547

166;572

167;654

168;550

169;587

170;540

171;466

172;690

173;604

174;553

175;566

176;562

177;574

178;578

179;547

180;503

181;543

182;543

183;564

184;506

185;564

186;604

187;537

188;646

189;559

190;516

191;567

192;556

193;496

194;722

195;581

196;553

197;566

198;517

199;516

200;548

201;566

202;598

203;515

204;567

205;538

206;608

207;552

208;544

209;569

210;538

211;506

212;542

213;507

214;794

215;517

216;630

217;522

218;584

219;605

220;525

221;506

222;547

223;597

224;570

225;560

226;565

227;537

228;604

229;582

230;584

231;506

232;523

233;481

234;642

235;645

236;545

237;529

238;559

239;596

240;528

241;538

242;565

243;488

244;572

245;667

246;542

247;604

248;549

249;544

250;520

251;563

252;564

253;533

254;540

255;515

256;565

257;574

258;542

259;538

260;531

261;549

262;524

263;579

264;583

265;586

266;540

267;572

268;547

269;553

270;546

271;585

272;581

273;664

274;624

275;641

276;565

277;650

278;660

279;558

280;608

281;663

282;606

283;544

284;592

285;567

286;590

287;551

288;538

289;684

290;544

291;573

292;562

293;1683

294;518

295;538

296;587

297;480

298;496

299;561

300;557

301;536

302;608

303;534

304;539

305;548

306;586

307;537

308;569

309;710

310;564

311;709

312;530

313;578

314;639

315;1368

316;524

317;547

318;520

319;614

320;540

321;578

322;603

323;592

324;515

325;531

326;518

327;517

328;540

329;520

330;578

331;550

332;528

333;581

334;540

335;530

336;529

337;504

338;545

339;510

340;563

341;538

342;546

343;555

344;540

345;508

346;515

347;592

348;507

349;537

350;503

351;666

352;532

353;533

354;670

355;488

356;617

357;607

358;616

359;523

360;550

361;559

362;487

363;546

364;522

365;610

366;596

367;522

368;482

369;615

370;514

371;566

372;566

373;542

374;514

375;522

376;496

377;533

378;517

379;529

380;520

381;498

382;497

383;518

384;594

385;547

386;498

387;484

388;597

389;523

390;526

391;518

392;495

393;490

394;541

395;496

396;508

397;618

398;488

399;598

400;514

401;550

402;495

403;532

404;582

405;508

406;492

407;551

408;520

409;514

410;484

411;520

412;544

413;560

414;490

415;484

416;549

417;522

418;557

419;556

420;526

421;531

422;534

423;567

424;518

425;559

426;521

427;536

428;482

429;839

430;532

431;497

432;644

433;502

434;494

435;468

436;536

437;497

438;584

439;486

440;484

441;536

442;514

443;576

444;530

445;528

446;513

447;517

448;633

449;660

450;566

451;514

452;540

453;567

454;529

455;490

456;561

457;486

458;510

459;483

460;534

461;562

462;454

463;521

464;601

465;464

466;501

467;532

468;492

469;475

470;544

471;505

472;557

473;485

474;509

475;507

476;482

477;563

478;470

479;514

480;511

481;545

482;540

483;518

484;558

485;641

486;537

487;561

488;522

489;516

490;482

491;496

492;620

493;566

494;723

495;488

496;524

497;588

498;531

499;520

500;503

501;548

502;514

503;572

504;520

505;503

506;508

507;510

508;513

509;499

510;537

511;556

512;507

513;462

514;486

515;533

516;523

517;496

518;512

519;530

520;534

521;554

522;480

523;511

524;581

525;485

526;532

527;512

528;508

529;516

530;529

531;495

532;487

533;531

534;470

535;518

536;508

537;555

538;544

539;557

540;536

541;561

542;579

543;476

544;587

545;493

546;728

547;538

548;481

549;492

550;610

551;525

552;541

553;498

554;504

555;520

556;477

557;501

558;557

559;546

560;535

561;481

562;451

563;542

564;590

565;526

566;443

567;504

568;611

569;552

570;464

571;560

572;489

573;518

574;529

575;484

576;521

577;529

578;553

579;496

580;502

581;526

582;532

583;544

584;538

585;484

586;522

587;522

588;497

589;662

590;540

591;540

592;531

593;496

594;472

595;491

596;504

597;547

598;475

599;549

600;527

601;546

602;568

603;523

604;483

605;733

606;633

607;537

608;543

609;506

610;530

611;495

612;450

613;523

614;562

615;572

616;512

617;564

618;527

619;535

620;494

621;511

622;538

623;510

624;521

625;514

626;541

627;487

628;529

629;524

630;544

631;491

632;553

633;484

634;538

635;452

636;546

637;533

638;583

639;505

640;581

641;544

642;550

643;525

644;455

645;528

646;526

647;632

648;551

649;512

650;500

651;508

652;500

653;486

654;516

655;634

656;756

657;1024

658;473

659;491

660;550

661;532

662;537

663;466

664;486

665;510

666;500

667;525

668;517

669;562

670;510

671;541

672;440

673;510

674;578

675;537

676;540

677;628

678;466

679;508

680;543

681;528

682;492

683;547

684;460

685;491

686;504

687;492

688;488

689;495

690;486

691;543

692;470

693;592

694;526

695;513

696;502

697;512

698;487

699;674

700;502

701;485

702;500

703;535

704;518

705;526

706;499

707;552

708;536

709;585

710;528

711;508

712;543

713;558

714;710

715;478

716;523

717;546

718;511

719;534

720;523

721;518

722;510

723;513

724;447

725;524

726;525

727;604

728;581

729;566

730;508

731;521

732;504

733;520

734;554

735;513

736;577

737;519

738;590

739;560

740;486

741;558

742;491

743;494

744;510

745;494

746;574

747;498

748;505

749;480

750;533

751;519

752;540

753;491

754;530

755;500

756;471

757;970

758;534

759;938

760;538

761;526

762;526

763;522

764;511

765;490

766;561

767;504

768;630

769;489

770;518

771;526

772;466

773;539

774;600

775;535

776;632

777;542

778;479

779;560

780;584

781;567

782;517

783;552

784;539

785;558

786;502

787;490

788;521

789;521

790;752

791;503

792;579

793;528

794;550

795;520

796;510

797;507

798;560

799;508

800;533

801;555

802;578

803;536

804;524

805;512

806;473

807;480

808;541

809;551

810;540

811;514

812;646

813;507

814;614

815;507

816;507

817;536

818;624

819;506

820;600

821;510

822;642

823;515

824;516

825;533

826;543

827;648

828;556

829;496

830;545

831;546

832;558

833;590

834;538

835;535

836;515

837;507

838;554

839;486

840;514

841;550

842;558

843;503

844;520

845;559

846;493

847;478

848;609

849;574

850;483

851;496

852;578

853;513

854;531

855;527

856;510

857;530

858;514

859;488

860;565

861;546

862;581

863;524

864;503

865;558

866;536

867;783

868;787

869;520

870;539

871;561

872;531

873;493

874;482

875;524

876;508

877;548

878;574

879;501

880;528

881;482

882;523

883;522

884;606

885;505

886;523

887;520

888;637

889;531

890;524

891;482

892;624

893;521

894;514

895;486

896;512

897;566

898;565

899;524

900;519

901;561

902;497

903;520

904;517

905;597

906;552

907;545

908;575

909;556

910;570

911;494

912;523

913;499

914;547

915;468

916;560

917;514

918;530

919;1144

920;578

921;552

922;520

923;546

924;519

925;572

926;516

927;542

928;529

929;550

930;560

931;566

932;586

933;578

934;561

935;556

936;574

937;612

938;574

939;577

940;513

941;654

942;559

943;536

944;514

945;603

946;567

947;647

948;555

949;558

950;576

951;540

952;510

953;509

954;563

955;634

956;554

957;526

958;606

959;550

960;539

961;557

962;660

963;603

964;503

965;562

966;506

967;716

968;493

969;541

970;541

971;551

972;582

973;585

974;558

975;549

976;552

977;576

978;550

979;550

980;550

981;549

982;543

983;515

984;585

985;644

986;563

987;520

988;518

989;576

990;657

991;534

992;546

993;518

994;554

995;532

996;595

997;622

998;548

999;579

1000;556

1001;557

1002;556

1003;562

1004;583

1005;562

1006;578

1007;555

1008;534

1009;612

1010;536

1011;658

1012;514

1013;552

1014;602

1015;540

1016;614

1017;598

1018;612

1019;530

1020;528

1021;552

1022;548

1023;571

1024;579

1025;611

1026;571

1027;578

1028;518

1029;622

1030;544

1031;580

1032;606

1033;585

1034;576

1035;550

1036;531

1037;573

1038;561

1039;594

1040;564

1041;524

1042;628

1043;602

1044;567

1045;558

1046;623

1047;572

1048;564

1049;525

1050;531

1051;543

1052;542

1053;566

1054;540

1055;541

1056;552

1057;583

1058;557

1059;614

1060;894

1061;551

1062;547

1063;584

1064;577

1065;554

1066;578

1067;583

1068;655

1069;611

1070;618

1071;570

1072;558

1073;554

1074;551

1075;545

1076;582

1077;542

1078;595

1079;534

1080;581

1081;590

1082;692

1083;556

1084;538

1085;535

1086;560

1087;572

1088;556

1089;546

1090;563

1091;671

1092;638

1093;618

1094;546

1095;603

1096;622

1097;620

1098;578

1099;616

1100;577

1101;611

1102;596

1103;605

1104;690

1105;646

1106;618

1107;609

1108;668

1109;618

1110;640

1111;989

1112;672

1113;613

1114;594

1115;609

1116;649

1117;621

1118;573

1119;603

1120;622

1121;648

1122;592

1123;664

1124;594

1125;656

1126;649

1127;637

1128;598

1129;589

1130;643

1131;660

1132;643

1133;628

1134;652

1135;613

1136;608

1137;632

1138;635

1139;595

1140;618

1141;630

1142;618

1143;619

1144;607

1145;798

1146;656

1147;622

1148;592

1149;642

1150;676

1151;739

1152;599

1153;624

1154;759

1155;639

1156;620

1157;624

1158;626

1159;599

1160;591

1161;659

1162;668

1163;650

1164;632

1165;705

1166;634

1167;629

1168;629

1169;659

1170;713

1171;640

1172;670

1173;597

1174;663

1175;614

1176;634

1177;654

1178;618

1179;644

1180;600

1181;615

1182;610

1183;656

1184;680

1185;618

1186;563

1187;649

1188;683

1189;662

1190;601

1191;583

1192;625

1193;625

1194;629

1195;677

1196;652

1197;680

1198;612

1199;662

1200;625

1201;756

1202;623

1203;652

1204;708

1205;590

1206;724

1207;617

1208;741

1209;630

1210;872

1211;630

1212;636

1213;634

1214;629

1215;757

1216;576

1217;612

1218;606

1219;598

1220;610

1221;631

1222;628

1223;749

1224;672

1225;616

1226;712

1227;597

1228;644

1229;684

1230;648

1231;597

1232;618

1233;605

1234;623

1235;735

1236;634

1237;634

1238;634

1239;656

1240;682

1241;675

1242;702

1243;644

1244;662

1245;628

1246;687

1247;688

1248;634

1249;676

1250;687

1251;660

1252;656

1253;671

1254;678

1255;702

1256;733

1257;706

1258;673

1259;709

1260;658

1261;650

1262;700

1263;674

1264;724

1265;636

1266;642

1267;684

1268;647

1269;662

1270;607

1271;731

1272;697

1273;674

1274;629

1275;744

1276;641

1277;652

1278;724

1279;610

1280;665

1281;665

1282;784

1283;601

1284;648

1285;608

1286;687

1287;635

1288;592

1289;657

1290;660

1291;657

1292;685

1293;698

1294;710

1295;676

1296;615

1297;623

1298;624

1299;736

1300;642

1301;661

1302;654

1303;661

1304;645

1305;692

1306;703

1307;674

1308;652

1309;656

1310;667

1311;638

1312;812

1313;669

1314;641

1315;698

1316;675

1317;661

1318;696

1319;691

1320;640

1321;648

1322;670

1323;704

1324;672

1325;636

1326;667

1327;667

1328;647

1329;645

1330;641

1331;670

1332;716

1333;662

1334;650

1335;680

1336;657

1337;766

1338;622

1339;699

1340;703

1341;677

1342;634

1343;743

1344;692

1345;631

1346;642

1347;669

1348;690

1349;706

1350;735

1351;748

1352;628

1353;682

1354;653

1355;663

1356;711

1357;700

1358;671

1359;628

1360;694

1361;694

1362;610

1363;647

1364;728

1365;672

1366;717

1367;670

1368;649

1369;632

1370;646

1371;708

1372;705

1373;626

1374;629

1375;618

1376;664

1377;758

1378;622

1379;724

1380;654

1381;636

1382;660

1383;694

1384;624

1385;669

1386;634

1387;632

1388;634

1389;659

1390;638

1391;663

1392;642

1393;658

1394;649

1395;662

1396;786

1397;750

1398;664

1399;720

1400;746

1401;634

1402;719

1403;692

1404;615

1405;644

1406;686

1407;640

1408;884

1409;648

1410;682

1411;662

1412;742

1413;701

1414;673

1415;655

1416;684

1417;692

1418;698

1419;664

1420;1364

1421;634

1422;681

1423;619

1424;663

1425;628

1426;698

1427;763

1428;772

1429;648

1430;698

1431;707

1432;711

1433;678

1434;790

1435;665

1436;662

1437;649

1438;649

1439;672

1440;681

1441;673

1442;666

1443;735

1444;644

1445;727

1446;648

1447;660

1448;635

1449;692

1450;740

1451;701

1452;646

1453;664

1454;704

1455;662

1456;654

1457;655

1458;654

1459;657

1460;753

1461;663

1462;682

1463;689

1464;634

1465;654

1466;737

1467;629

1468;659

1469;650

1470;669

1471;659

1472;642

1473;678

1474;651

1475;664

1476;684

1477;627

1478;895

1479;622

1480;726

1481;650

1482;675

1483;674

1484;724

1485;640

1486;690

1487;649

1488;692

1489;704

1490;677

1491;710

1492;676

1493;706

1494;697

1495;693

1496;739

1497;703

1498;724

1499;741

1500;672

1501;705

1502;678

1503;770

1504;723

1505;690

1506;733

1507;723

1508;684

1509;682

1510;681

1511;681

1512;745

1513;691

1514;681

1515;706

1516;685

1517;697

1518;696

1519;724

1520;720

1521;1236

1522;730

1523;721

1524;710

1525;642

1526;718

1527;647

1528;647

1529;654

1530;694

1531;864

1532;644

1533;710

1534;705

1535;720

1536;714

1537;678

1538;710

1539;745

1540;660

1541;646

1542;672

1543;682

1544;646

1545;720

1546;655

1547;683

1548;693

1549;671

1550;709

1551;735

1552;684

1553;685

1554;771

1555;686

1556;668

1557;1092

1558;693

1559;662

1560;684

1561;752

1562;688

1563;702

1564;738

1565;762

1566;718

1567;694

1568;724

1569;698

1570;753

1571;759

1572;721

1573;755

1574;726

1575;775

1576;766

1577;734

1578;816

1579;750

1580;778

1581;820

1582;1943

1583;849

1584;766

1585;735

1586;704

1587;718

1588;835

1589;723

1590;738

1591;740

1592;656

1593;740

1594;667

1595;720

1596;654

1597;721

1598;738

1599;806

1600;762

1601;701

1602;708

1603;760

1604;698

1605;778

1606;795

1607;747

1608;694

1609;694

1610;667

1611;796

1612;763

1613;673

1614;757

1615;967

1616;674

1617;704

1618;700

1619;862

1620;715

1621;725

1622;720

1623;719

1624;685

1625;680

1626;716

1627;696

1628;905

1629;722

1630;765

1631;746

1632;682

1633;736

1634;748

1635;873

1636;644

1637;733

1638;778

1639;712

1640;764

1641;688

1642;678

1643;748

1644;731

1645;779

1646;724

1647;742

1648;688

1649;748

1650;759

1651;824

1652;757

1653;724

1654;744

1655;763

1656;750

1657;772

1658;752

1659;698

1660;793

1661;730

1662;798

1663;754

1664;742

1665;985

1666;709

1667;746

1668;811

1669;740

1670;892

1671;795

1672;810

1673;792

1674;1057

1675;813

1676;793

1677;780

1678;798

1679;764

1680;821

1681;817

1682;851

1683;858

1684;837

1685;796

1686;758

1687;794

1688;762

1689;806

1690;773

1691;816

1692;754

1693;956

1694;815

1695;910

1696;856

1697;858

1698;1042

1699;1053

1700;773

1701;788

1702;829

1703;796

1704;822

1705;787

1706;802

1707;833

1708;800

1709;797

1710;803

1711;798

1712;816

1713;861

1714;826

1715;827

1716;878

1717;983

1718;846

1719;818

1720;828

1721;909

1722;902

1723;1004

1724;922

1725;890

1726;865

1727;874

1728;989

1729;1035

1730;1166

1731;901

1732;957

1733;963

1734;980

1735;907

1736;990

1737;972

1738;994

1739;955

1740;983

1741;1018

1742;1006

1743;1079

1744;972

1745;1020

1746;1036

1747;952

1748;1012

1749;977

1750;1021

1751;1066

1752;968

1753;1076

1754;1040

1755;951

1756;1102

1757;1009

1758;1024

1759;981

1760;999

1761;1032

1762;993

1763;960

1764;1024

1765;1044

1766;1076

1767;1006

1768;1040

1769;922

1770;972

1771;974

1772;1056

1773;1705

1774;986

1775;1037

1776;984

1777;1186

1778;995

1779;1036

1780;954

1781;1044

1782;1003

1783;977

1784;957

1785;1019

1786;1184

1787;1027

1788;1005

1789;1028

1790;1079

1791;999

1792;1046

1793;1045

1794;1055

1795;1012

1796;975

1797;957

1798;1049

1799;948

1800;959

1801;966

1802;965

1803;960

1804;978

1805;970

1806;917

1807;1112

1808;984

1809;1009

1810;988

1811;1076

1812;954

1813;1024

1814;1006

1815;999

1816;964

1817;941

1818;994

1819;995

1820;1080

1821;992

1822;980

1823;1052

1824;964

1825;1178

1826;1001

1827;1018

1828;992

1829;1090

1830;1048

1831;1032

1832;1046

1833;1052

1834;1058

1835;1016

1836;1087

1837;1187

1838;1036

1839;1101

1840;1108

1841;1111

1842;1090

1843;1100

1844;1117

1845;1302

1846;1408

1847;1064

1848;1077

1849;1106

1850;1193

1851;1174

1852;1104

1853;1205

1854;1168

1855;1169

1856;1207

1857;1191

1858;1217

1859;1219

1860;1282

1861;1160

1862;1292

1863;1247

1864;1257

1865;1302

1866;1300

1867;1312

1868;1341

1869;1329

1870;1345

1871;1364

1872;1356

1873;1405

1874;1526

1875;1484

1876;1458

1877;1462

1878;1393

1879;1466

1880;1498

1881;1630

1882;1543

1883;1498

1884;1571

1885;1658

1886;1737

1887;1762

1888;1769

1889;1803

1890;1792

1891;1738

1892;1616

1893;1532

1894;1548

1895;1298

1896;1044

1897;829

1898;703

1899;665

1900;614

1901;607

1902;599

1903;616

1904;585

1905;632

1906;586

1907;547

1908;576

1909;598

1910;556

1911;541

1912;632

1913;641

1914;638

1915;594

1916;689

1917;623

1918;704

1919;640

1920;679

1921;670

1922;630

1923;748

1924;672

1925;684

1926;693

1927;744

1928;886

1929;850

1930;833

1931;954

1932;917

1933;1049

1934;1186

1935;1696

1936;5604

1937;41668

1938;65535

1939;65535

1940;58136

1941;39441

1942;19666

1943;4673

1944;1745

1945;1294

1946;1112

1947;976

1948;836

1949;918

1950;806

1951;741

1952;742

1953;739

1954;692

1955;797

1956;719

1957;728

1958;666

1959;608

1960;549

1961;600

1962;608

1963;616

1964;599

1965;596

1966;621

1967;568

1968;660

1969;527

1970;598

1971;598

1972;545

1973;605

1974;558

1975;555

1976;588

1977;636

1978;581

1979;543

1980;513

1981;529

1982;600

1983;574

1984;562

1985;553

1986;528

1987;530

1988;524

1989;579

1990;575

1991;556

1992;618

1993;528

1994;528

1995;574

1996;526

1997;505

1998;572

1999;554

2000;684

2001;525

2002;510

2003;534

2004;586

2005;606

2006;512

2007;675

2008;521

2009;576

2010;854

2011;661

2012;749

2013;581

2014;542

2015;623

2016;574

2017;735

2018;550

2019;540

2020;536

2021;646

2022;670

2023;550

2024;535

2025;638

2026;615

2027;509

2028;527

2029;538

2030;629

2031;575

2032;525

2033;509

2034;607

2035;481

2036;562

2037;570

2038;507

2039;502

2040;500

2041;525

2042;530

2043;537

2044;558

2045;614

2046;601

2047;512

