Data
0;460

1;310

2;303

3;296

4;299

5;533

6;546

7;473

8;503

9;531

10;566

11;552

12;509

13;500

14;522

15;578

16;626

17;630

18;555

19;620

20;551

21;504

22;535

23;562

24;508

25;520

26;523

27;656

28;524

29;602

30;530

31;531

32;530

33;573

34;679

35;560

36;588

37;630

38;590

39;586

40;554

41;548

42;551

43;558

44;568

45;533

46;656

47;604

48;655

49;534

50;1019

51;610

52;568

53;605

54;550

55;568

56;586

57;600

58;572

59;568

60;542

61;630

62;704

63;618

64;625

65;619

66;593

67;592

68;576

69;603

70;677

71;666

72;584

73;605

74;532

75;568

76;542

77;644

78;524

79;593

80;530

81;548

82;592

83;600

84;531

85;662

86;552

87;619

88;562

89;588

90;629

91;554

92;531

93;551

94;592

95;536

96;566

97;588

98;558

99;614

100;552

101;564

102;646

103;569

104;538

105;584

106;555

107;575

108;534

109;555

110;590

111;666

112;632

113;550

114;599

115;620

116;559

117;590

118;532

119;549

120;558

121;586

122;558

123;650

124;526

125;579

126;630

127;552

128;598

129;579

130;716

131;508

132;523

133;556

134;515

135;631

136;550

137;554

138;557

139;574

140;606

141;552

142;582

143;524

144;511

145;588

146;561

147;618

148;548

149;544

150;600

151;577

152;693

153;486

154;536

155;567

156;562

157;493

158;555

159;640

160;562

161;546

162;599

163;588

164;548

165;577

166;580

167;644

168;576

169;584

170;598

171;467

172;693

173;591

174;556

175;596

176;561

177;573

178;558

179;553

180;508

181;552

182;530

183;563

184;492

185;558

186;601

187;534

188;658

189;554

190;500

191;569

192;566

193;498

194;745

195;598

196;562

197;564

198;542

199;540

200;560

201;578

202;623

203;535

204;569

205;543

206;587

207;561

208;560

209;563

210;545

211;530

212;546

213;520

214;793

215;498

216;622

217;530

218;586

219;613

220;552

221;522

222;554

223;594

224;582

225;561

226;564

227;542

228;600

229;570

230;607

231;528

232;516

233;481

234;656

235;657

236;556

237;524

238;552

239;590

240;552

241;569

242;589

243;487

244;548

245;679

246;547

247;616

248;564

249;552

250;541

251;566

252;580

253;561

254;514

255;558

256;576

257;584

258;557

259;551

260;550

261;567

262;561

263;599

264;608

265;604

266;557

267;586

268;587

269;580

270;557

271;611

272;619

273;707

274;626

275;670

276;566

277;662

278;705

279;618

280;654

281;697

282;654

283;581

284;626

285;613

286;630

287;596

288;579

289;749

290;578

291;626

292;606

293;1801

294;582

295;593

296;632

297;538

298;551

299;634

300;621

301;592

302;671

303;594

304;586

305;610

306;668

307;622

308;651

309;805

310;614

311;609

312;596

313;638

314;716

315;1494

316;600

317;610

318;617

319;670

320;604

321;632

322;661

323;670

324;581

325;594

326;585

327;586

328;599

329;596

330;640

331;602

332;616

333;633

334;621

335;607

336;581

337;544

338;609

339;545

340;606

341;594

342;590

343;613

344;598

345;562

346;589

347;658

348;573

349;599

350;567

351;744

352;604

353;584

354;749

355;559

356;684

357;644

358;646

359;567

360;571

361;576

362;511

363;553

364;534

365;637

366;616

367;538

368;497

369;626

370;524

371;584

372;578

373;560

374;535

375;538

376;500

377;556

378;522

379;536

380;530

381;498

382;519

383;520

384;592

385;537

386;514

387;494

388;607

389;530

390;521

391;510

392;502

393;492

394;537

395;516

396;512

397;626

398;476

399;584

400;508

401;548

402;497

403;525

404;550

405;525

406;490

407;562

408;520

409;512

410;488

411;550

412;558

413;555

414;495

415;509

416;556

417;528

418;554

419;559

420;536

421;527

422;525

423;563

424;524

425;570

426;534

427;559

428;499

429;603

430;533

431;510

432;661

433;517

434;500

435;494

436;542

437;490

438;608

439;491

440;504

441;539

442;533

443;560

444;542

445;544

446;519

447;520

448;635

449;676

450;558

451;504

452;554

453;568

454;554

455;500

456;572

457;489

458;537

459;502

460;540

461;554

462;484

463;535

464;598

465;470

466;521

467;544

468;506

469;461

470;581

471;501

472;564

473;486

474;532

475;497

476;482

477;559

478;482

479;517

480;524

481;550

482;549

483;514

484;564

485;612

486;542

487;571

488;507

489;507

490;485

491;500

492;633

493;576

494;742

495;474

496;536

497;580

498;546

499;532

500;513

501;552

502;526

503;582

504;526

505;503

506;497

507;524

508;505

509;489

510;537

511;564

512;512

513;474

514;534

515;527

516;542

517;513

518;516

519;521

520;552

521;560

522;466

523;506

524;569

525;496

526;533

527;510

528;517

529;518

530;525

531;510

532;484

533;519

534;459

535;504

536;508

537;558

538;554

539;552

540;540

541;560

542;576

543;474

544;579

545;495

546;629

547;518

548;490

549;502

550;595

551;528

552;524

553;484

554;524

555;516

556;473

557;469

558;559

559;556

560;534

561;465

562;449

563;548

564;596

565;516

566;477

567;506

568;606

569;540

570;479

571;566

572;512

573;513

574;507

575;473

576;489

577;530

578;540

579;502

580;522

581;524

582;516

583;537

584;538

585;481

586;525

587;500

588;492

589;688

590;542

591;546

592;532

593;501

594;476

595;499

596;486

597;546

598;497

599;547

600;528

601;559

602;559

603;521

604;492

605;741

606;601

607;527

608;540

609;506

610;531

611;491

612;468

613;522

614;585

615;557

616;493

617;571

618;523

619;546

620;507

621;526

622;528

623;518

624;516

625;510

626;544

627;492

628;507

629;506

630;540

631;502

632;570

633;475

634;542

635;463

636;530

637;504

638;575

639;512

640;594

641;537

642;559

643;504

644;467

645;524

646;522

647;634

648;522

649;499

650;506

651;512

652;487

653;500

654;513

655;634

656;762

657;1098

658;470

659;508

660;552

661;511

662;551

663;465

664;474

665;518

666;485

667;520

668;524

669;561

670;496

671;534

672;461

673;521

674;518

675;532

676;542

677;622

678;473

679;503

680;546

681;517

682;484

683;558

684;450

685;489

686;479

687;486

688;468

689;493

690;467

691;548

692;482

693;590

694;502

695;523

696;520

697;532

698;476

699;671

700;514

701;494

702;522

703;540

704;508

705;512

706;483

707;558

708;534

709;567

710;546

711;523

712;537

713;564

714;707

715;474

716;513

717;537

718;510

719;536

720;510

721;509

722;523

723;529

724;448

725;531

726;522

727;548

728;487

729;493

730;486

731;490

732;498

733;538

734;569

735;518

736;563

737;536

738;577

739;560

740;483

741;572

742;502

743;498

744;524

745;476

746;576

747;493

748;502

749;479

750;543

751;512

752;556

753;508

754;515

755;492

756;480

757;579

758;531

759;889

760;538

761;534

762;522

763;518

764;501

765;472

766;583

767;481

768;608

769;501

770;516

771;526

772;452

773;534

774;600

775;533

776;638

777;508

778;473

779;550

780;566

781;543

782;501

783;550

784;527

785;554

786;496

787;476

788;529

789;491

790;1027

791;482

792;590

793;530

794;556

795;516

796;504

797;514

798;546

799;520

800;507

801;560

802;558

803;547

804;518

805;504

806;487

807;467

808;531

809;542

810;538

811;516

812;629

813;501

814;606

815;500

816;495

817;528

818;618

819;495

820;594

821;529

822;652

823;509

824;516

825;532

826;531

827;638

828;539

829;509

830;533

831;528

832;544

833;589

834;560

835;547

836;500

837;504

838;568

839;474

840;518

841;537

842;556

843;509

844;516

845;567

846;496

847;482

848;604

849;586

850;480

851;501

852;569

853;530

854;524

855;515

856;520

857;524

858;527

859;487

860;557

861;541

862;571

863;544

864;498

865;547

866;522

867;800

868;787

869;515

870;528

871;548

872;571

873;478

874;468

875;507

876;501

877;544

878;567

879;494

880;500

881;496

882;506

883;500

884;610

885;483

886;538

887;517

888;642

889;535

890;506

891;472

892;602

893;503

894;510

895;480

896;512

897;569

898;573

899;497

900;502

901;560

902;504

903;514

904;531

905;561

906;548

907;541

908;576

909;541

910;542

911;506

912;505

913;490

914;510

915;455

916;541

917;522

918;528

919;1123

920;561

921;551

922;494

923;544

924;498

925;545

926;506

927;537

928;526

929;528

930;572

931;519

932;568

933;524

934;545

935;539

936;572

937;613

938;556

939;578

940;500

941;1310

942;542

943;531

944;528

945;592

946;549

947;622

948;525

949;541

950;538

951;510

952;515

953;518

954;536

955;620

956;533

957;499

958;580

959;526

960;538

961;531

962;619

963;598

964;492

965;523

966;485

967;706

968;471

969;522

970;513

971;540

972;555

973;558

974;536

975;522

976;546

977;560

978;523

979;514

980;558

981;520

982;531

983;507

984;573

985;621

986;546

987;490

988;506

989;566

990;640

991;519

992;535

993;489

994;528

995;521

996;583

997;610

998;530

999;538

1000;526

1001;531

1002;534

1003;520

1004;552

1005;547

1006;564

1007;533

1008;510

1009;584

1010;504

1011;642

1012;489

1013;515

1014;572

1015;518

1016;590

1017;562

1018;601

1019;483

1020;488

1021;526

1022;532

1023;550

1024;562

1025;573

1026;536

1027;554

1028;518

1029;586

1030;502

1031;547

1032;587

1033;554

1034;528

1035;508

1036;512

1037;536

1038;536

1039;549

1040;528

1041;523

1042;588

1043;553

1044;521

1045;511

1046;582

1047;550

1048;547

1049;533

1050;485

1051;490

1052;507

1053;528

1054;508

1055;500

1056;515

1057;546

1058;522

1059;574

1060;874

1061;515

1062;533

1063;525

1064;546

1065;517

1066;564

1067;546

1068;605

1069;550

1070;602

1071;534

1072;524

1073;550

1074;522

1075;531

1076;549

1077;514

1078;566

1079;507

1080;551

1081;906

1082;677

1083;527

1084;518

1085;502

1086;515

1087;550

1088;524

1089;512

1090;551

1091;632

1092;588

1093;578

1094;530

1095;559

1096;590

1097;592

1098;546

1099;558

1100;547

1101;572

1102;544

1103;532

1104;632

1105;584

1106;557

1107;576

1108;606

1109;564

1110;599

1111;648

1112;647

1113;576

1114;528

1115;561

1116;634

1117;587

1118;552

1119;572

1120;602

1121;623

1122;554

1123;620

1124;546

1125;623

1126;643

1127;602

1128;564

1129;564

1130;612

1131;626

1132;600

1133;586

1134;626

1135;616

1136;587

1137;617

1138;621

1139;581

1140;608

1141;622

1142;614

1143;627

1144;610

1145;808

1146;644

1147;625

1148;596

1149;623

1150;649

1151;717

1152;576

1153;586

1154;728

1155;610

1156;601

1157;579

1158;591

1159;562

1160;563

1161;647

1162;612

1163;592

1164;578

1165;645

1166;602

1167;594

1168;560

1169;592

1170;658

1171;576

1172;643

1173;563

1174;633

1175;564

1176;619

1177;596

1178;567

1179;603

1180;578

1181;559

1182;566

1183;627

1184;647

1185;605

1186;547

1187;596

1188;636

1189;612

1190;568

1191;557

1192;620

1193;582

1194;615

1195;636

1196;613

1197;649

1198;564

1199;602

1200;544

1201;626

1202;561

1203;597

1204;660

1205;558

1206;690

1207;560

1208;686

1209;599

1210;810

1211;603

1212;581

1213;605

1214;573

1215;711

1216;531

1217;558

1218;542

1219;554

1220;567

1221;599

1222;581

1223;730

1224;640

1225;547

1226;660

1227;576

1228;572

1229;658

1230;618

1231;553

1232;585

1233;564

1234;578

1235;675

1236;608

1237;579

1238;600

1239;600

1240;654

1241;640

1242;647

1243;593

1244;640

1245;632

1246;646

1247;706

1248;654

1249;686

1250;701

1251;680

1252;712

1253;697

1254;719

1255;742

1256;764

1257;741

1258;713

1259;782

1260;717

1261;741

1262;777

1263;765

1264;811

1265;722

1266;750

1267;760

1268;686

1269;704

1270;611

1271;748

1272;703

1273;663

1274;626

1275;733

1276;634

1277;663

1278;717

1279;592

1280;652

1281;621

1282;766

1283;583

1284;607

1285;594

1286;660

1287;610

1288;567

1289;626

1290;626

1291;635

1292;672

1293;674

1294;698

1295;657

1296;594

1297;597

1298;613

1299;710

1300;611

1301;649

1302;620

1303;645

1304;634

1305;686

1306;698

1307;666

1308;631

1309;661

1310;651

1311;607

1312;810

1313;650

1314;645

1315;666

1316;682

1317;641

1318;658

1319;685

1320;633

1321;646

1322;680

1323;686

1324;643

1325;649

1326;690

1327;652

1328;640

1329;640

1330;660

1331;686

1332;717

1333;708

1334;666

1335;703

1336;717

1337;834

1338;693

1339;732

1340;1123

1341;746

1342;674

1343;766

1344;681

1345;619

1346;666

1347;693

1348;684

1349;687

1350;740

1351;758

1352;634

1353;706

1354;672

1355;678

1356;732

1357;681

1358;676

1359;640

1360;703

1361;704

1362;635

1363;666

1364;705

1365;653

1366;716

1367;678

1368;678

1369;636

1370;645

1371;680

1372;712

1373;629

1374;636

1375;632

1376;665

1377;762

1378;599

1379;730

1380;657

1381;628

1382;643

1383;690

1384;628

1385;650

1386;627

1387;619

1388;614

1389;662

1390;632

1391;637

1392;632

1393;637

1394;631

1395;648

1396;847

1397;730

1398;651

1399;684

1400;731

1401;663

1402;704

1403;668

1404;612

1405;618

1406;686

1407;654

1408;850

1409;647

1410;692

1411;650

1412;720

1413;705

1414;670

1415;629

1416;664

1417;701

1418;705

1419;660

1420;1239

1421;649

1422;692

1423;633

1424;683

1425;670

1426;718

1427;799

1428;780

1429;712

1430;712

1431;737

1432;724

1433;704

1434;817

1435;662

1436;666

1437;684

1438;658

1439;716

1440;698

1441;714

1442;693

1443;786

1444;694

1445;765

1446;684

1447;728

1448;730

1449;757

1450;845

1451;762

1452;710

1453;748

1454;788

1455;739

1456;714

1457;709

1458;734

1459;735

1460;832

1461;720

1462;725

1463;714

1464;682

1465;697

1466;768

1467;691

1468;692

1469;672

1470;696

1471;710

1472;677

1473;707

1474;708

1475;715

1476;706

1477;671

1478;929

1479;669

1480;732

1481;652

1482;707

1483;691

1484;758

1485;625

1486;724

1487;679

1488;698

1489;739

1490;664

1491;706

1492;691

1493;714

1494;688

1495;696

1496;754

1497;701

1498;674

1499;728

1500;693

1501;720

1502;677

1503;745

1504;716

1505;692

1506;700

1507;720

1508;687

1509;660

1510;668

1511;677

1512;752

1513;686

1514;694

1515;737

1516;705

1517;733

1518;683

1519;730

1520;734

1521;1647

1522;756

1523;734

1524;759

1525;673

1526;742

1527;663

1528;690

1529;661

1530;726

1531;904

1532;694

1533;737

1534;723

1535;740

1536;758

1537;710

1538;725

1539;789

1540;686

1541;684

1542;737

1543;734

1544;676

1545;776

1546;715

1547;728

1548;738

1549;736

1550;762

1551;782

1552;711

1553;710

1554;814

1555;721

1556;734

1557;1171

1558;720

1559;698

1560;723

1561;760

1562;708

1563;738

1564;765

1565;780

1566;742

1567;709

1568;752

1569;745

1570;788

1571;776

1572;775

1573;780

1574;744

1575;773

1576;778

1577;749

1578;813

1579;769

1580;756

1581;780

1582;1869

1583;790

1584;720

1585;718

1586;724

1587;719

1588;848

1589;738

1590;766

1591;722

1592;669

1593;770

1594;700

1595;720

1596;674

1597;730

1598;776

1599;765

1600;770

1601;698

1602;706

1603;757

1604;682

1605;778

1606;793

1607;744

1608;706

1609;721

1610;684

1611;786

1612;791

1613;698

1614;739

1615;988

1616;687

1617;713

1618;710

1619;894

1620;710

1621;752

1622;732

1623;716

1624;686

1625;695

1626;735

1627;704

1628;903

1629;733

1630;767

1631;771

1632;693

1633;722

1634;752

1635;898

1636;660

1637;725

1638;767

1639;706

1640;777

1641;699

1642;676

1643;775

1644;726

1645;789

1646;726

1647;765

1648;725

1649;759

1650;768

1651;816

1652;788

1653;752

1654;750

1655;794

1656;737

1657;770

1658;790

1659;706

1660;786

1661;717

1662;809

1663;750

1664;776

1665;977

1666;719

1667;758

1668;821

1669;734

1670;910

1671;820

1672;810

1673;798

1674;1063

1675;814

1676;808

1677;796

1678;786

1679;764

1680;812

1681;771

1682;893

1683;858

1684;799

1685;815

1686;753

1687;766

1688;741

1689;825

1690;770

1691;842

1692;784

1693;992

1694;838

1695;892

1696;843

1697;842

1698;1044

1699;1085

1700;773

1701;772

1702;828

1703;768

1704;810

1705;808

1706;794

1707;816

1708;830

1709;820

1710;818

1711;852

1712;854

1713;876

1714;815

1715;855

1716;876

1717;996

1718;896

1719;889

1720;876

1721;922

1722;917

1723;1009

1724;938

1725;935

1726;923

1727;923

1728;1019

1729;1094

1730;1204

1731;962

1732;1000

1733;1024

1734;1015

1735;965

1736;1048

1737;985

1738;1047

1739;1005

1740;1032

1741;1051

1742;1046

1743;1132

1744;1008

1745;1063

1746;1077

1747;1031

1748;1068

1749;1066

1750;1083

1751;1130

1752;1036

1753;1118

1754;1087

1755;1008

1756;1152

1757;1100

1758;1082

1759;1023

1760;1099

1761;1083

1762;1015

1763;1031

1764;1082

1765;1122

1766;1122

1767;1058

1768;1077

1769;982

1770;1017

1771;1020

1772;1093

1773;1691

1774;1015

1775;1057

1776;1043

1777;1234

1778;1064

1779;1070

1780;966

1781;1060

1782;1079

1783;1031

1784;1007

1785;1052

1786;1251

1787;1067

1788;1083

1789;1090

1790;1123

1791;1080

1792;1121

1793;1089

1794;1063

1795;1030

1796;1048

1797;1007

1798;1076

1799;1016

1800;1035

1801;1025

1802;1013

1803;1001

1804;1014

1805;1025

1806;988

1807;1186

1808;1053

1809;1045

1810;1064

1811;1108

1812;1003

1813;1056

1814;1030

1815;1040

1816;1024

1817;1036

1818;1050

1819;1042

1820;1128

1821;1060

1822;1068

1823;1109

1824;1076

1825;1239

1826;1088

1827;1134

1828;1059

1829;1174

1830;1128

1831;1125

1832;1148

1833;1159

1834;1143

1835;1131

1836;1234

1837;1294

1838;1202

1839;1214

1840;1188

1841;1227

1842;1253

1843;1254

1844;1284

1845;1479

1846;1348

1847;1296

1848;1264

1849;1276

1850;1359

1851;1339

1852;1310

1853;1379

1854;1347

1855;1389

1856;1452

1857;1399

1858;1463

1859;1459

1860;1492

1861;1440

1862;1501

1863;1518

1864;1555

1865;1522

1866;1540

1867;1550

1868;1558

1869;1632

1870;1595

1871;1626

1872;1657

1873;1679

1874;1787

1875;1765

1876;1731

1877;1746

1878;1704

1879;1792

1880;1797

1881;1872

1882;1788

1883;1841

1884;1866

1885;1860

1886;2048

1887;1978

1888;2012

1889;2060

1890;2041

1891;1946

1892;1932

1893;1793

1894;1705

1895;1371

1896;1172

1897;850

1898;787

1899;712

1900;613

1901;611

1902;578

1903;646

1904;605

1905;633

1906;604

1907;577

1908;576

1909;600

1910;562

1911;574

1912;646

1913;653

1914;625

1915;631

1916;694

1917;610

1918;716

1919;641

1920;700

1921;714

1922;662

1923;781

1924;676

1925;714

1926;723

1927;760

1928;930

1929;885

1930;876

1931;974

1932;987

1933;1122

1934;1294

1935;1907

1936;6879

1937;49801

1938;65535

1939;65535

1940;65535

1941;43702

1942;20668

1943;4874

1944;1812

1945;1367

1946;1164

1947;1027

1948;904

1949;956

1950;808

1951;783

1952;773

1953;765

1954;732

1955;807

1956;724

1957;727

1958;643

1959;646

1960;584

1961;626

1962;620

1963;641

1964;606

1965;597

1966;645

1967;561

1968;666

1969;528

1970;615

1971;612

1972;560

1973;619

1974;563

1975;570

1976;595

1977;665

1978;588

1979;566

1980;521

1981;547

1982;606

1983;580

1984;537

1985;578

1986;531

1987;527

1988;539

1989;544

1990;598

1991;564

1992;620

1993;540

1994;499

1995;567

1996;536

1997;519

1998;578

1999;576

2000;703

2001;523

2002;516

2003;514

2004;592

2005;618

2006;539

2007;677

2008;514

2009;578

2010;868

2011;681

2012;750

2013;582

2014;548

2015;628

2016;596

2017;740

2018;540

2019;534

2020;550

2021;546

2022;689

2023;556

2024;557

2025;630

2026;642

2027;507

2028;508

2029;542

2030;638

2031;558

2032;544

2033;524

2034;633

2035;486

2036;565

2037;573

2038;497

2039;505

2040;515

2041;534

2042;523

2043;540

2044;540

2045;609

2046;614

2047;521

