Data
0;456

1;304

2;290

3;297

4;291

5;571

6;592

7;534

8;550

9;578

10;632

11;630

12;584

13;574

14;594

15;632

16;690

17;701

18;641

19;699

20;637

21;580

22;621

23;641

24;613

25;626

26;616

27;729

28;621

29;700

30;640

31;632

32;610

33;678

34;793

35;684

36;690

37;789

38;706

39;672

40;653

41;635

42;638

43;667

44;704

45;658

46;782

47;704

48;757

49;668

50;823

51;772

52;670

53;735

54;694

55;688

56;701

57;721

58;687

59;672

60;654

61;735

62;798

63;730

64;746

65;719

66;740

67;717

68;698

69;698

70;800

71;794

72;706

73;720

74;654

75;678

76;686

77;740

78;668

79;708

80;658

81;675

82;716

83;734

84;661

85;778

86;677

87;733

88;684

89;708

90;733

91;672

92;660

93;682

94;684

95;670

96;664

97;686

98;656

99;738

100;676

101;682

102;785

103;695

104;650

105;721

106;668

107;697

108;644

109;674

110;693

111;764

112;744

113;671

114;683

115;737

116;668

117;694

118;633

119;642

120;641

121;679

122;657

123;758

124;597

125;678

126;746

127;656

128;689

129;669

130;781

131;601

132;616

133;654

134;593

135;707

136;629

137;628

138;659

139;676

140;693

141;637

142;663

143;612

144;598

145;669

146;650

147;710

148;637

149;609

150;681

151;658

152;761

153;579

154;629

155;647

156;650

157;577

158;636

159;696

160;611

161;616

162;659

163;653

164;616

165;648

166;641

167;717

168;632

169;652

170;637

171;536

172;766

173;664

174;646

175;654

176;634

177;634

178;632

179;616

180;562

181;617

182;622

183;641

184;570

185;662

186;662

187;603

188;688

189;622

190;594

191;617

192;620

193;561

194;786

195;651

196;624

197;641

198;603

199;584

200;580

201;641

202;688

203;591

204;628

205;607

206;655

207;618

208;606

209;620

210;611

211;589

212;610

213;586

214;879

215;546

216;684

217;582

218;644

219;674

220;612

221;580

222;618

223;646

224;630

225;638

226;660

227;621

228;678

229;664

230;682

231;591

232;610

233;560

234;714

235;713

236;614

237;582

238;631

239;666

240;624

241;632

242;673

243;586

244;634

245;760

246;622

247;709

248;658

249;646

250;624

251;674

252;700

253;658

254;649

255;638

256;700

257;690

258;667

259;680

260;668

261;685

262;664

263;720

264;715

265;733

266;684

267;706

268;706

269;720

270;686

271;740

272;744

273;831

274;794

275;812

276;764

277;842

278;891

279;798

280;830

281;860

282;814

283;757

284;812

285;798

286;790

287;780

288;789

289;951

290;806

291;800

292;840

293;1205

294;777

295;806

296;831

297;775

298;746

299;841

300;830

301;822

302;890

303;810

304;815

305;854

306;876

307;834

308;870

309;1004

310;861

311;977

312;840

313;897

314;970

315;1722

316;845

317;905

318;922

319;982

320;917

321;943

322;1017

323;1016

324;1002

325;1072

326;1103

327;1180

328;1276

329;1369

330;1685

331;2928

332;5783

333;6750

334;3676

335;1633

336;1270

337;1123

338;1072

339;962

340;1012

341;946

342;928

343;906

344;867

345;850

346;824

347;896

348;777

349;800

350;780

351;964

352;790

353;786

354;899

355;724

356;823

357;792

358;784

359;670

360;686

361;678

362;616

363;640

364;618

365;957

366;680

367;605

368;552

369;708

370;573

371;631

372;630

373;602

374;573

375;588

376;538

377;598

378;576

379;573

380;554

381;547

382;539

383;557

384;637

385;601

386;556

387;523

388;648

389;549

390;558

391;537

392;544

393;525

394;594

395;545

396;547

397;570

398;528

399;620

400;553

401;566

402;535

403;561

404;583

405;546

406;528

407;581

408;540

409;534

410;526

411;563

412;580

413;580

414;512

415;540

416;583

417;529

418;596

419;585

420;563

421;540

422;567

423;592

424;551

425;582

426;569

427;584

428;524

429;876

430;565

431;534

432;706

433;541

434;523

435;503

436;582

437;538

438;642

439;536

440;532

441;581

442;546

443;610

444;592

445;584

446;564

447;558

448;677

449;736

450;600

451;548

452;599

453;630

454;576

455;531

456;620

457;519

458;583

459;541

460;595

461;598

462;528

463;566

464;639

465;483

466;544

467;580

468;543

469;501

470;602

471;527

472;607

473;517

474;571

475;535

476;503

477;586

478;522

479;548

480;539

481;574

482;572

483;562

484;570

485;665

486;576

487;613

488;534

489;537

490;518

491;507

492;656

493;584

494;574

495;521

496;565

497;604

498;552

499;554

500;552

501;592

502;553

503;593

504;560

505;523

506;515

507;542

508;559

509;522

510;548

511;575

512;530

513;496

514;563

515;550

516;556

517;515

518;537

519;543

520;573

521;586

522;498

523;524

524;594

525;533

526;563

527;542

528;546

529;557

530;550

531;527

532;516

533;540

534;500

535;547

536;538

537;576

538;577

539;573

540;568

541;608

542;600

543;514

544;603

545;526

546;686

547;548

548;526

549;519

550;627

551;555

552;580

553;512

554;533

555;524

556;503

557;525

558;608

559;594

560;571

561;508

562;480

563;559

564;610

565;563

566;499

567;529

568;648

569;571

570;509

571;584

572;533

573;538

574;540

575;504

576;527

577;543

578;556

579;514

580;550

581;552

582;564

583;550

584;574

585;526

586;550

587;537

588;537

589;697

590;570

591;581

592;568

593;536

594;516

595;517

596;536

597;588

598;546

599;629

600;566

601;582

602;587

603;553

604;530

605;756

606;653

607;572

608;557

609;530

610;559

611;533

612;473

613;536

614;597

615;583

616;544

617;605

618;544

619;578

620;540

621;534

622;557

623;531

624;565

625;555

626;578

627;524

628;572

629;524

630;568

631;519

632;608

633;496

634;563

635;491

636;578

637;548

638;586

639;530

640;596

641;555

642;592

643;559

644;490

645;573

646;555

647;658

648;578

649;534

650;540

651;534

652;520

653;520

654;529

655;681

656;822

657;1111

658;511

659;532

660;594

661;564

662;572

663;496

664;523

665;559

666;536

667;561

668;537

669;603

670;550

671;582

672;507

673;546

674;588

675;575

676;572

677;648

678;505

679;535

680;574

681;543

682;547

683;572

684;500

685;515

686;510

687;534

688;533

689;537

690;543

691;752

692;924

693;794

694;568

695;576

696;558

697;558

698;553

699;718

700;552

701;528

702;548

703;554

704;557

705;562

706;532

707;588

708;590

709;603

710;574

711;560

712;583

713;600

714;752

715;518

716;556

717;578

718;534

719;588

720;554

721;548

722;556

723;567

724;491

725;578

726;563

727;607

728;594

729;582

730;559

731;574

732;545

733;560

734;622

735;561

736;594

737;576

738;634

739;592

740;532

741;606

742;551

743;557

744;569

745;523

746;620

747;538

748;536

749;542

750;569

751;573

752;600

753;540

754;580

755;559

756;519

757;628

758;589

759;904

760;605

761;553

762;582

763;567

764;576

765;535

766;620

767;553

768;663

769;545

770;559

771;590

772;517

773;600

774;663

775;581

776;714

777;581

778;526

779;595

780;622

781;613

782;557

783;610

784;576

785;601

786;564

787;536

788;586

789;549

790;2614

791;562

792;632

793;600

794;631

795;569

796;560

797;564

798;611

799;578

800;570

801;601

802;640

803;598

804;600

805;579

806;531

807;554

808;589

809;594

810;604

811;577

812;686

813;556

814;676

815;568

816;561

817;585

818;690

819;566

820;653

821;572

822;726

823;594

824;567

825;602

826;605

827;718

828;636

829;558

830;609

831;615

832;616

833;666

834;627

835;619

836;571

837;562

838;628

839;550

840;584

841;623

842;616

843;582

844;602

845;633

846;559

847;565

848;673

849;656

850;549

851;568

852;633

853;594

854;605

855;580

856;587

857;591

858;588

859;545

860;632

861;614

862;627

863;613

864;571

865;624

866;608

867;854

868;844

869;569

870;621

871;628

872;607

873;565

874;553

875;575

876;571

877;630

878;624

879;578

880;593

881;552

882;578

883;575

884;682

885;548

886;595

887;588

888;717

889;603

890;573

891;568

892;678

893;576

894;586

895;562

896;604

897;620

898;659

899;585

900;604

901;620

902;606

903;593

904;586

905;671

906;615

907;644

908;657

909;628

910;642

911;617

912;631

913;575

914;624

915;544

916;620

917;602

918;602

919;1220

920;626

921;623

922;594

923;628

924;595

925;609

926;570

927;622

928;594

929;633

930;636

931;603

932;657

933;616

934;706

935;619

936;648

937;674

938;627

939;646

940;566

941;711

942;645

943;606

944;603

945;677

946;620

947;699

948;640

949;623

950;612

951;590

952;592

953;583

954;614

955;700

956;649

957;601

958;675

959;626

960;621

961;624

962;713

963;673

964;574

965;613

966;580

967;798

968;572

969;582

970;605

971;622

972;673

973;639

974;624

975;588

976;621

977;650

978;602

979;589

980;642

981;616

982;595

983;597

984;654

985;718

986;620

987;564

988;575

989;658

990;777

991;644

992;626

993;580

994;618

995;610

996;663

997;704

998;620

999;622

1000;608

1001;638

1002;690

1003;989

1004;1051

1005;718

1006;666

1007;628

1008;622

1009;684

1010;600

1011;736

1012;600

1013;607

1014;664

1015;615

1016;681

1017;657

1018;690

1019;579

1020;588

1021;617

1022;626

1023;642

1024;682

1025;696

1026;617

1027;652

1028;614

1029;680

1030;602

1031;674

1032;679

1033;631

1034;656

1035;594

1036;594

1037;630

1038;634

1039;661

1040;631

1041;618

1042;722

1043;672

1044;658

1045;612

1046;712

1047;641

1048;633

1049;614

1050;612

1051;588

1052;598

1053;615

1054;601

1055;629

1056;629

1057;669

1058;638

1059;680

1060;980

1061;619

1062;654

1063;648

1064;638

1065;653

1066;689

1067;658

1068;725

1069;694

1070;687

1071;656

1072;689

1073;802

1074;1396

1075;2940

1076;1964

1077;879

1078;750

1079;645

1080;686

1081;705

1082;796

1083;660

1084;643

1085;649

1086;653

1087;670

1088;685

1089;648

1090;689

1091;776

1092;764

1093;731

1094;656

1095;714

1096;742

1097;764

1098;682

1099;713

1100;688

1101;704

1102;660

1103;687

1104;788

1105;720

1106;698

1107;699

1108;755

1109;712

1110;749

1111;788

1112;799

1113;744

1114;706

1115;724

1116;805

1117;741

1118;709

1119;751

1120;769

1121;766

1122;736

1123;804

1124;744

1125;813

1126;827

1127;800

1128;769

1129;758

1130;817

1131;852

1132;818

1133;833

1134;848

1135;805

1136;818

1137;842

1138;857

1139;844

1140;848

1141;897

1142;861

1143;899

1144;896

1145;1084

1146;900

1147;909

1148;842

1149;876

1150;915

1151;946

1152;821

1153;839

1154;966

1155;829

1156;833

1157;818

1158;821

1159;793

1160;795

1161;855

1162;821

1163;828

1164;818

1165;886

1166;817

1167;821

1168;804

1169;809

1170;881

1171;782

1172;850

1173;780

1174;820

1175;764

1176;830

1177;821

1178;796

1179;778

1180;751

1181;754

1182;755

1183;830

1184;848

1185;753

1186;736

1187;790

1188;814

1189;802

1190;737

1191;736

1192;783

1193;748

1194;781

1195;801

1196;792

1197;837

1198;784

1199;804

1200;756

1201;866

1202;780

1203;792

1204;858

1205;735

1206;860

1207;713

1208;880

1209;767

1210;993

1211;770

1212;761

1213;765

1214;766

1215;892

1216;726

1217;755

1218;734

1219;740

1220;728

1221;770

1222;780

1223;894

1224;812

1225;733

1226;843

1227;744

1228;792

1229;848

1230;810

1231;746

1232;786

1233;759

1234;807

1235;863

1236;807

1237;786

1238;778

1239;804

1240;867

1241;844

1242;885

1243;838

1244;869

1245;866

1246;953

1247;961

1248;930

1249;988

1250;1074

1251;999

1252;1070

1253;1054

1254;1104

1255;1139

1256;1148

1257;1150

1258;1124

1259;1175

1260;1109

1261;1130

1262;1188

1263;1164

1264;1222

1265;1124

1266;1134

1267;1137

1268;1034

1269;1014

1270;899

1271;1032

1272;1015

1273;956

1274;889

1275;992

1276;897

1277;916

1278;988

1279;873

1280;885

1281;886

1282;1023

1283;840

1284;844

1285;837

1286;910

1287;882

1288;803

1289;884

1290;896

1291;867

1292;904

1293;925

1294;927

1295;899

1296;832

1297;846

1298;847

1299;962

1300;875

1301;923

1302;907

1303;891

1304;882

1305;976

1306;961

1307;949

1308;891

1309;908

1310;913

1311;907

1312;1081

1313;926

1314;912

1315;973

1316;988

1317;947

1318;966

1319;972

1320;953

1321;934

1322;966

1323;963

1324;980

1325;962

1326;976

1327;978

1328;968

1329;970

1330;970

1331;1008

1332;1098

1333;1056

1334;1033

1335;1078

1336;1077

1337;1197

1338;1052

1339;1118

1340;1511

1341;1086

1342;1011

1343;1078

1344;1024

1345;950

1346;950

1347;1003

1348;997

1349;992

1350;1028

1351;1038

1352;924

1353;986

1354;982

1355;980

1356;1050

1357;1015

1358;996

1359;953

1360;1032

1361;1045

1362;935

1363;968

1364;1040

1365;987

1366;1048

1367;1009

1368;958

1369;949

1370;948

1371;1020

1372;1013

1373;907

1374;906

1375;921

1376;970

1377;1017

1378;897

1379;1019

1380;908

1381;882

1382;920

1383;963

1384;882

1385;903

1386;904

1387;910

1388;909

1389;956

1390;1039

1391;1064

1392;938

1393;916

1394;894

1395;941

1396;1044

1397;1004

1398;905

1399;974

1400;1025

1401;949

1402;970

1403;967

1404;902

1405;927

1406;954

1407;958

1408;1136

1409;947

1410;1014

1411;989

1412;1058

1413;1005

1414;1009

1415;1020

1416;1009

1417;1019

1418;1076

1419;1028

1420;1658

1421;985

1422;1034

1423;981

1424;1038

1425;1021

1426;1088

1427;1175

1428;1166

1429;1097

1430;1108

1431;1144

1432;1117

1433;1075

1434;1198

1435;1055

1436;1027

1437;1029

1438;1049

1439;1070

1440;1075

1441;1098

1442;1086

1443;1167

1444;1092

1445;1155

1446;1073

1447;1106

1448;1104

1449;1161

1450;1251

1451;1180

1452;1140

1453;1143

1454;1172

1455;1131

1456;1112

1457;1114

1458;1092

1459;1102

1460;1247

1461;1129

1462;1142

1463;1110

1464;1058

1465;1073

1466;1138

1467;1043

1468;1061

1469;1086

1470;1088

1471;1038

1472;1046

1473;1053

1474;1043

1475;1076

1476;1088

1477;1014

1478;1263

1479;1020

1480;1126

1481;1020

1482;1077

1483;1060

1484;1104

1485;1010

1486;1069

1487;1040

1488;1091

1489;1224

1490;1760

1491;1853

1492;1184

1493;1080

1494;1058

1495;1079

1496;1129

1497;1046

1498;1062

1499;1076

1500;1034

1501;1120

1502;1050

1503;1116

1504;1076

1505;1056

1506;1095

1507;1108

1508;1062

1509;1046

1510;1033

1511;1074

1512;1126

1513;1084

1514;1057

1515;1128

1516;1069

1517;1090

1518;1093

1519;1131

1520;1116

1521;2034

1522;1143

1523;1102

1524;1147

1525;1065

1526;1102

1527;1096

1528;1087

1529;1079

1530;1133

1531;1276

1532;1092

1533;1129

1534;1132

1535;1143

1536;1162

1537;1128

1538;1116

1539;1218

1540;1107

1541;1109

1542;1166

1543;1148

1544;1120

1545;1192

1546;1122

1547;1149

1548;1176

1549;1166

1550;1192

1551;1230

1552;1184

1553;1170

1554;1346

1555;2115

1556;4039

1557;3196

1558;1360

1559;1134

1560;1147

1561;1194

1562;1152

1563;1177

1564;1188

1565;1279

1566;1622

1567;2836

1568;2332

1569;1339

1570;1227

1571;1157

1572;1186

1573;1210

1574;1161

1575;1208

1576;1137

1577;1176

1578;1236

1579;1153

1580;1133

1581;1158

1582;2279

1583;1194

1584;1107

1585;1115

1586;1111

1587;1101

1588;1219

1589;1128

1590;1150

1591;1106

1592;1044

1593;1134

1594;1068

1595;1118

1596;1038

1597;1093

1598;1128

1599;1200

1600;1152

1601;1098

1602;1127

1603;1166

1604;1058

1605;1204

1606;1195

1607;1157

1608;1097

1609;1098

1610;1118

1611;1224

1612;1158

1613;1089

1614;1190

1615;1364

1616;1133

1617;1119

1618;1120

1619;1319

1620;1112

1621;1140

1622;1158

1623;1104

1624;1137

1625;1098

1626;1135

1627;1132

1628;1302

1629;1103

1630;1180

1631;1172

1632;1108

1633;1147

1634;1173

1635;1298

1636;1074

1637;1132

1638;1163

1639;1118

1640;1180

1641;1094

1642;1111

1643;1175

1644;1159

1645;1179

1646;1152

1647;1184

1648;1112

1649;1214

1650;1207

1651;1298

1652;1238

1653;1202

1654;1207

1655;1250

1656;1196

1657;1218

1658;1221

1659;1185

1660;1272

1661;1208

1662;1321

1663;1658

1664;2009

1665;1776

1666;1241

1667;1206

1668;1295

1669;1209

1670;1373

1671;1273

1672;1264

1673;1247

1674;1516

1675;1265

1676;1283

1677;1246

1678;1256

1679;1229

1680;1291

1681;1256

1682;1317

1683;1330

1684;1297

1685;1277

1686;1209

1687;1289

1688;1258

1689;1324

1690;1274

1691;1371

1692;1293

1693;1472

1694;1376

1695;1399

1696;1391

1697;1375

1698;1572

1699;1638

1700;1347

1701;1342

1702;1326

1703;1347

1704;1392

1705;1347

1706;1335

1707;1384

1708;1385

1709;1374

1710;1359

1711;1328

1712;1364

1713;1380

1714;1343

1715;1393

1716;1433

1717;1520

1718;1445

1719;1402

1720;1414

1721;1490

1722;1445

1723;1556

1724;1462

1725;1447

1726;1442

1727;1460

1728;1567

1729;1644

1730;1739

1731;1457

1732;1538

1733;1576

1734;1552

1735;1534

1736;1585

1737;1544

1738;1628

1739;1564

1740;1600

1741;1611

1742;1592

1743;1719

1744;1549

1745;1636

1746;1628

1747;1602

1748;1644

1749;1656

1750;1654

1751;1708

1752;1623

1753;1752

1754;1667

1755;1617

1756;1772

1757;1667

1758;1678

1759;1644

1760;1687

1761;1824

1762;2603

1763;6298

1764;6709

1765;4033

1766;2318

1767;1760

1768;1715

1769;1640

1770;2082

1771;3090

1772;2837

1773;2754

1774;1696

1775;1662

1776;1575

1777;1787

1778;1600

1779;1670

1780;1563

1781;1670

1782;1630

1783;1650

1784;1628

1785;1661

1786;1890

1787;1688

1788;1735

1789;1772

1790;1780

1791;1749

1792;1778

1793;1775

1794;1755

1795;1705

1796;1681

1797;1668

1798;1723

1799;1686

1800;1676

1801;1651

1802;1687

1803;1671

1804;1738

1805;1663

1806;1678

1807;1866

1808;1751

1809;1790

1810;1770

1811;1833

1812;1770

1813;1813

1814;1800

1815;1743

1816;1732

1817;1760

1818;1829

1819;1787

1820;1903

1821;1850

1822;1816

1823;1912

1824;1828

1825;2056

1826;1901

1827;1966

1828;1915

1829;2395

1830;3128

1831;2958

1832;2536

1833;2230

1834;2137

1835;2351

1836;2691

1837;2579

1838;2351

1839;2261

1840;2238

1841;2223

1842;2252

1843;2276

1844;2359

1845;2594

1846;2664

1847;2344

1848;2381

1849;2408

1850;2543

1851;2600

1852;2529

1853;2623

1854;2662

1855;2682

1856;2803

1857;2765

1858;2812

1859;2856

1860;2980

1861;2939

1862;3037

1863;3011

1864;3120

1865;3140

1866;3136

1867;3190

1868;3276

1869;3271

1870;3293

1871;3399

1872;3402

1873;3722

1874;4430

1875;4320

1876;3994

1877;3796

1878;3631

1879;3646

1880;3767

1881;3899

1882;3827

1883;3878

1884;3907

1885;3933

1886;4122

1887;4216

1888;4213

1889;4264

1890;4205

1891;4069

1892;3984

1893;3596

1894;3191

1895;2498

1896;1961

1897;1368

1898;1067

1899;880

1900;727

1901;665

1902;636

1903;650

1904;614

1905;668

1906;596

1907;560

1908;569

1909;608

1910;593

1911;555

1912;631

1913;620

1914;635

1915;604

1916;694

1917;606

1918;682

1919;640

1920;674

1921;665

1922;642

1923;727

1924;657

1925;678

1926;668

1927;702

1928;898

1929;828

1930;788

1931;1043

1932;892

1933;1017

1934;1125

1935;1679

1936;6076

1937;44181

1938;65535

1939;65535

1940;51342

1941;37541

1942;17703

1943;4008

1944;1541

1945;1198

1946;1050

1947;909

1948;795

1949;885

1950;764

1951;746

1952;723

1953;703

1954;690

1955;822

1956;684

1957;712

1958;635

1959;600

1960;548

1961;599

1962;597

1963;626

1964;590

1965;584

1966;594

1967;541

1968;609

1969;515

1970;599

1971;574

1972;539

1973;602

1974;561

1975;551

1976;616

1977;645

1978;583

1979;546

1980;512

1981;539

1982;589

1983;565

1984;530

1985;547

1986;506

1987;530

1988;513

1989;550

1990;588

1991;554

1992;589

1993;515

1994;484

1995;558

1996;527

1997;532

1998;566

1999;559

2000;674

2001;521

2002;509

2003;508

2004;577

2005;586

2006;525

2007;668

2008;504

2009;570

2010;874

2011;668

2012;734

2013;575

2014;533

2015;624

2016;581

2017;725

2018;553

2019;529

2020;542

2021;544

2022;654

2023;546

2024;541

2025;632

2026;648

2027;510

2028;500

2029;525

2030;606

2031;567

2032;546

2033;510

2034;608

2035;482

2036;556

2037;562

2038;502

2039;506

2040;502

2041;530

2042;530

2043;518

2044;532

2045;601

2046;600

2047;501

