Data
0;469

1;317

2;300

3;300

4;301

5;528

6;544

7;488

8;518

9;518

10;590

11;552

12;493

13;507

14;528

15;579

16;605

17;614

18;547

19;606

20;545

21;496

22;534

23;547

24;506

25;507

26;514

27;646

28;522

29;604

30;529

31;522

32;521

33;564

34;664

35;562

36;597

37;650

38;598

39;554

40;544

41;519

42;518

43;544

44;578

45;529

46;644

47;606

48;630

49;527

50;696

51;610

52;568

53;612

54;557

55;562

56;560

57;567

58;574

59;561

60;544

61;612

62;680

63;630

64;607

65;607

66;591

67;595

68;590

69;590

70;660

71;681

72;599

73;588

74;559

75;544

76;557

77;620

78;514

79;583

80;550

81;550

82;595

83;589

84;525

85;669

86;565

87;627

88;554

89;593

90;620

91;542

92;527

93;542

94;565

95;546

96;570

97;560

98;530

99;628

100;570

101;563

102;662

103;571

104;518

105;611

106;542

107;579

108;528

109;536

110;554

111;669

112;617

113;565

114;582

115;632

116;548

117;603

118;534

119;533

120;550

121;573

122;554

123;639

124;510

125;577

126;633

127;570

128;573

129;576

130;690

131;503

132;518

133;539

134;495

135;622

136;558

137;528

138;550

139;572

140;602

141;540

142;584

143;536

144;508

145;582

146;572

147;618

148;558

149;533

150;616

151;586

152;680

153;483

154;556

155;549

156;559

157;504

158;579

159;596

160;552

161;551

162;585

163;600

164;546

165;560

166;564

167;636

168;543

169;578

170;564

171;491

172;689

173;573

174;552

175;583

176;556

177;574

178;549

179;530

180;505

181;546

182;550

183;561

184;501

185;568

186;594

187;538

188;641

189;560

190;504

191;574

192;551

193;487

194;726

195;574

196;551

197;571

198;530

199;519

200;554

201;552

202;624

203;536

204;582

205;550

206;605

207;554

208;539

209;568

210;554

211;522

212;540

213;524

214;798

215;525

216;637

217;524

218;586

219;604

220;526

221;516

222;566

223;602

224;557

225;573

226;592

227;562

228;581

229;586

230;594

231;504

232;541

233;494

234;641

235;645

236;550

237;517

238;562

239;580

240;540

241;542

242;581

243;511

244;562

245;674

246;537

247;598

248;569

249;551

250;519

251;562

252;589

253;549

254;538

255;539

256;566

257;581

258;538

259;553

260;543

261;562

262;544

263;589

264;578

265;594

266;551

267;582

268;563

269;578

270;551

271;610

272;598

273;700

274;644

275;658

276;584

277;650

278;682

279;593

280;625

281;672

282;633

283;594

284;626

285;628

286;574

287;580

288;570

289;742

290;552

291;600

292;593

293;1665

294;562

295;564

296;640

297;540

298;522

299;584

300;608

301;576

302;647

303;579

304;569

305;588

306;637

307;566

308;615

309;777

310;600

311;601

312;568

313;601

314;698

315;1421

316;580

317;598

318;577

319;664

320;573

321;592

322;648

323;648

324;570

325;574

326;567

327;558

328;576

329;564

330;627

331;591

332;569

333;588

334;570

335;569

336;570

337;534

338;598

339;548

340;599

341;568

342;592

343;600

344;586

345;542

346;548

347;640

348;557

349;584

350;547

351;720

352;576

353;560

354;710

355;534

356;654

357;613

358;651

359;548

360;554

361;580

362;510

363;560

364;521

365;866

366;617

367;536

368;504

369;611

370;525

371;558

372;574

373;560

374;541

375;535

376;502

377;558

378;519

379;534

380;520

381;519

382;512

383;501

384;606

385;554

386;503

387;505

388;610

389;512

390;526

391;526

392;508

393;492

394;538

395;501

396;506

397;629

398;466

399;582

400;528

401;540

402;491

403;538

404;554

405;530

406;485

407;571

408;528

409;526

410;504

411;549

412;546

413;567

414;493

415;498

416;526

417;522

418;574

419;559

420;543

421;526

422;536

423;573

424;522

425;597

426;529

427;544

428;489

429;854

430;534

431;513

432;658

433;520

434;502

435;477

436;568

437;491

438;593

439;508

440;508

441;537

442;537

443;578

444;555

445;546

446;528

447;512

448;614

449;663

450;567

451;511

452;550

453;579

454;524

455;493

456;570

457;490

458;553

459;490

460;549

461;547

462;465

463;526

464;602

465;460

466;518

467;547

468;502

469;470

470;559

471;510

472;554

473;484

474;541

475;503

476;462

477;547

478;478

479;528

480;498

481;544

482;560

483;516

484;558

485;626

486;541

487;586

488;526

489;521

490;481

491;499

492;636

493;562

494;517

495;486

496;524

497;575

498;546

499;534

500;534

501;536

502;533

503;558

504;508

505;496

506;476

507;524

508;527

509;502

510;539

511;568

512;526

513;455

514;526

515;514

516;551

517;488

518;519

519;524

520;551

521;560

522;474

523;504

524;583

525;510

526;541

527;505

528;525

529;523

530;533

531;496

532;476

533;520

534;474

535;529

536;508

537;566

538;548

539;544

540;544

541;562

542;594

543;472

544;580

545;492

546;753

547;523

548;478

549;479

550;595

551;529

552;539

553;492

554;504

555;495

556;478

557;479

558;544

559;548

560;543

561;470

562;441

563;536

564;594

565;523

566;484

567;506

568;628

569;557

570;472

571;541

572;498

573;519

574;523

575;483

576;523

577;515

578;552

579;498

580;519

581;514

582;525

583;540

584;522

585;474

586;510

587;497

588;498

589;674

590;521

591;548

592;523

593;500

594;478

595;504

596;513

597;550

598;505

599;542

600;503

601;540

602;536

603;510

604;495

605;750

606;620

607;526

608;547

609;518

610;531

611;491

612;460

613;505

614;563

615;569

616;509

617;570

618;510

619;540

620;491

621;522

622;508

623;514

624;524

625;537

626;554

627;492

628;528

629;491

630;542

631;493

632;569

633;476

634;552

635;462

636;536

637;525

638;553

639;534

640;572

641;531

642;541

643;517

644;454

645;522

646;523

647;632

648;524

649;497

650;488

651;508

652;487

653;503

654;514

655;626

656;756

657;1110

658;477

659;498

660;557

661;538

662;531

663;470

664;481

665;528

666;502

667;511

668;524

669;560

670;507

671;534

672;474

673;508

674;564

675;528

676;540

677;641

678;471

679;494

680;538

681;514

682;493

683;552

684;443

685;477

686;500

687;483

688;482

689;489

690;472

691;536

692;489

693;583

694;496

695;504

696;498

697;538

698;484

699;674

700;508

701;469

702;520

703;533

704;522

705;529

706;483

707;550

708;536

709;568

710;534

711;525

712;547

713;576

714;723

715;476

716;530

717;528

718;506

719;544

720;504

721;498

722;516

723;505

724;440

725;528

726;520

727;555

728;492

729;504

730;491

731;519

732;501

733;512

734;558

735;500

736;561

737;538

738;583

739;569

740;506

741;588

742;507

743;480

744;509

745;473

746;581

747;487

748;502

749;493

750;533

751;539

752;540

753;510

754;522

755;516

756;481

757;584

758;525

759;842

760;544

761;526

762;526

763;516

764;524

765;474

766;580

767;493

768;625

769;495

770;502

771;526

772;452

773;540

774;597

775;555

776;652

777;530

778;468

779;555

780;585

781;566

782;504

783;552

784;521

785;545

786;502

787;476

788;526

789;512

790;2430

791;495

792;594

793;523

794;561

795;514

796;481

797;500

798;546

799;517

800;515

801;555

802;583

803;532

804;525

805;527

806;483

807;482

808;513

809;540

810;553

811;525

812;646

813;498

814;588

815;490

816;514

817;535

818;644

819;508

820;600

821;522

822;644

823;508

824;508

825;547

826;527

827;673

828;549

829;501

830;559

831;540

832;547

833;589

834;559

835;542

836;488

837;482

838;565

839;498

840;519

841;556

842;544

843;492

844;527

845;564

846;508

847;484

848;609

849;585

850;466

851;489

852;575

853;509

854;521

855;498

856;505

857;521

858;516

859;466

860;563

861;532

862;578

863;539

864;520

865;540

866;515

867;790

868;770

869;514

870;528

871;556

872;546

873;497

874;491

875;514

876;499

877;554

878;558

879;490

880;523

881;480

882;507

883;531

884;586

885;489

886;512

887;513

888;641

889;533

890;515

891;487

892;619

893;501

894;505

895;487

896;510

897;548

898;572

899;504

900;527

901;566

902;518

903;512

904;505

905;580

906;563

907;546

908;563

909;537

910;573

911;498

912;531

913;486

914;532

915;472

916;540

917;518

918;511

919;1142

920;557

921;540

922;504

923;541

924;495

925;556

926;495

927;541

928;515

929;536

930;558

931;539

932;576

933;536

934;619

935;558

936;562

937;610

938;562

939;587

940;510

941;645

942;551

943;526

944;509

945;597

946;562

947;616

948;537

949;550

950;573

951;503

952;486

953;516

954;547

955;628

956;543

957;508

958;593

959;536

960;521

961;529

962;626

963;597

964;484

965;544

966;514

967;712

968;485

969;492

970;516

971;537

972;589

973;558

974;553

975;531

976;536

977;549

978;522

979;502

980;538

981;514

982;524

983;489

984;564

985;628

986;534

987;489

988;503

989;570

990;644

991;518

992;539

993;478

994;541

995;528

996;569

997;605

998;512

999;548

1000;520

1001;554

1002;557

1003;537

1004;550

1005;540

1006;548

1007;518

1008;500

1009;603

1010;517

1011;658

1012;496

1013;522

1014;576

1015;537

1016;594

1017;566

1018;598

1019;496

1020;496

1021;528

1022;537

1023;534

1024;587

1025;609

1026;552

1027;572

1028;486

1029;586

1030;527

1031;554

1032;573

1033;558

1034;522

1035;524

1036;511

1037;544

1038;526

1039;563

1040;535

1041;516

1042;596

1043;550

1044;552

1045;527

1046;607

1047;552

1048;548

1049;507

1050;491

1051;522

1052;510

1053;538

1054;507

1055;514

1056;520

1057;551

1058;537

1059;574

1060;876

1061;516

1062;520

1063;557

1064;567

1065;510

1066;508

1067;557

1068;629

1069;565

1070;578

1071;526

1072;532

1073;532

1074;527

1075;517

1076;559

1077;512

1078;578

1079;510

1080;532

1081;922

1082;667

1083;525

1084;535

1085;520

1086;519

1087;535

1088;542

1089;534

1090;550

1091;614

1092;594

1093;594

1094;527

1095;581

1096;597

1097;599

1098;548

1099;556

1100;548

1101;589

1102;550

1103;548

1104;652

1105;570

1106;567

1107;577

1108;621

1109;566

1110;624

1111;638

1112;642

1113;579

1114;539

1115;564

1116;619

1117;594

1118;555

1119;584

1120;587

1121;632

1122;558

1123;622

1124;582

1125;632

1126;632

1127;620

1128;569

1129;586

1130;620

1131;644

1132;589

1133;616

1134;620

1135;612

1136;582

1137;625

1138;632

1139;589

1140;604

1141;611

1142;616

1143;630

1144;612

1145;802

1146;636

1147;615

1148;588

1149;642

1150;658

1151;726

1152;582

1153;606

1154;719

1155;592

1156;600

1157;574

1158;579

1159;550

1160;574

1161;626

1162;617

1163;615

1164;588

1165;655

1166;593

1167;574

1168;573

1169;586

1170;641

1171;582

1172;630

1173;566

1174;636

1175;583

1176;613

1177;580

1178;588

1179;597

1180;554

1181;575

1182;557

1183;622

1184;637

1185;590

1186;526

1187;590

1188;648

1189;632

1190;569

1191;541

1192;609

1193;579

1194;595

1195;632

1196;638

1197;640

1198;595

1199;616

1200;549

1201;633

1202;580

1203;596

1204;672

1205;556

1206;692

1207;562

1208;685

1209;584

1210;817

1211;581

1212;588

1213;578

1214;601

1215;720

1216;544

1217;565

1218;559

1219;560

1220;554

1221;580

1222;578

1223;698

1224;640

1225;586

1226;654

1227;573

1228;612

1229;642

1230;600

1231;572

1232;588

1233;564

1234;594

1235;682

1236;602

1237;591

1238;587

1239;602

1240;638

1241;644

1242;646

1243;595

1244;596

1245;603

1246;673

1247;670

1248;625

1249;678

1250;676

1251;650

1252;677

1253;697

1254;672

1255;711

1256;732

1257;715

1258;692

1259;732

1260;670

1261;701

1262;726

1263;709

1264;778

1265;698

1266;698

1267;733

1268;659

1269;672

1270;617

1271;743

1272;669

1273;660

1274;620

1275;714

1276;618

1277;644

1278;711

1279;614

1280;634

1281;648

1282;773

1283;564

1284;572

1285;612

1286;674

1287;607

1288;576

1289;626

1290;621

1291;606

1292;658

1293;656

1294;699

1295;665

1296;589

1297;597

1298;591

1299;709

1300;632

1301;640

1302;630

1303;616

1304;610

1305;682

1306;692

1307;654

1308;628

1309;662

1310;636

1311;588

1312;813

1313;651

1314;616

1315;661

1316;657

1317;634

1318;656

1319;673

1320;626

1321;622

1322;660

1323;690

1324;644

1325;647

1326;656

1327;630

1328;650

1329;624

1330;644

1331;660

1332;735

1333;686

1334;628

1335;692

1336;687

1337;765

1338;652

1339;712

1340;1115

1341;703

1342;636

1343;750

1344;688

1345;604

1346;622

1347;676

1348;682

1349;702

1350;726

1351;761

1352;604

1353;696

1354;657

1355;660

1356;687

1357;673

1358;653

1359;610

1360;676

1361;722

1362;612

1363;654

1364;1112

1365;659

1366;743

1367;676

1368;644

1369;616

1370;605

1371;684

1372;698

1373;626

1374;631

1375;605

1376;687

1377;724

1378;613

1379;732

1380;627

1381;598

1382;640

1383;684

1384;608

1385;640

1386;653

1387;604

1388;625

1389;646

1390;631

1391;652

1392;618

1393;621

1394;628

1395;661

1396;764

1397;731

1398;648

1399;688

1400;746

1401;636

1402;700

1403;675

1404;615

1405;613

1406;678

1407;641

1408;843

1409;630

1410;668

1411;680

1412;751

1413;682

1414;654

1415;633

1416;677

1417;678

1418;697

1419;645

1420;1332

1421;647

1422;664

1423;638

1424;637

1425;656

1426;707

1427;778

1428;770

1429;694

1430;712

1431;730

1432;733

1433;679

1434;796

1435;676

1436;662

1437;675

1438;648

1439;690

1440;682

1441;684

1442;684

1443;756

1444;671

1445;743

1446;666

1447;671

1448;679

1449;724

1450;799

1451;724

1452;712

1453;720

1454;745

1455;689

1456;697

1457;677

1458;677

1459;679

1460;810

1461;696

1462;712

1463;703

1464;668

1465;688

1466;732

1467;690

1468;677

1469;676

1470;693

1471;674

1472;669

1473;694

1474;679

1475;699

1476;702

1477;658

1478;896

1479;642

1480;720

1481;652

1482;700

1483;680

1484;721

1485;606

1486;680

1487;667

1488;704

1489;692

1490;669

1491;699

1492;670

1493;706

1494;686

1495;705

1496;750

1497;665

1498;696

1499;722

1500;682

1501;703

1502;668

1503;754

1504;689

1505;684

1506;692

1507;712

1508;672

1509;645

1510;674

1511;647

1512;756

1513;690

1514;664

1515;719

1516;670

1517;689

1518;682

1519;742

1520;709

1521;1664

1522;733

1523;717

1524;729

1525;652

1526;711

1527;677

1528;645

1529;663

1530;704

1531;858

1532;674

1533;716

1534;722

1535;706

1536;745

1537;695

1538;702

1539;769

1540;670

1541;664

1542;694

1543;706

1544;666

1545;719

1546;683

1547;713

1548;717

1549;708

1550;728

1551;746

1552;707

1553;688

1554;811

1555;692

1556;684

1557;1106

1558;682

1559;683

1560;706

1561;770

1562;683

1563;712

1564;724

1565;757

1566;743

1567;688

1568;740

1569;713

1570;776

1571;738

1572;745

1573;740

1574;724

1575;799

1576;766

1577;735

1578;820

1579;753

1580;744

1581;762

1582;1905

1583;822

1584;736

1585;724

1586;712

1587;730

1588;830

1589;722

1590;750

1591;719

1592;668

1593;748

1594;693

1595;718

1596;648

1597;704

1598;728

1599;774

1600;747

1601;691

1602;700

1603;754

1604;653

1605;764

1606;791

1607;741

1608;717

1609;669

1610;690

1611;786

1612;740

1613;668

1614;750

1615;963

1616;695

1617;692

1618;700

1619;876

1620;712

1621;751

1622;700

1623;726

1624;701

1625;696

1626;725

1627;697

1628;882

1629;709

1630;757

1631;745

1632;697

1633;718

1634;766

1635;892

1636;650

1637;704

1638;748

1639;706

1640;775

1641;668

1642;663

1643;763

1644;731

1645;754

1646;732

1647;758

1648;709

1649;737

1650;767

1651;807

1652;757

1653;723

1654;785

1655;777

1656;734

1657;779

1658;741

1659;682

1660;777

1661;698

1662;788

1663;756

1664;742

1665;966

1666;722

1667;752

1668;803

1669;712

1670;872

1671;797

1672;797

1673;791

1674;1016

1675;794

1676;823

1677;778

1678;789

1679;731

1680;802

1681;762

1682;847

1683;847

1684;823

1685;792

1686;752

1687;753

1688;771

1689;813

1690;754

1691;832

1692;724

1693;949

1694;826

1695;888

1696;843

1697;826

1698;1021

1699;1048

1700;740

1701;755

1702;782

1703;781

1704;801

1705;785

1706;784

1707;806

1708;789

1709;814

1710;830

1711;807

1712;836

1713;851

1714;813

1715;833

1716;880

1717;958

1718;854

1719;827

1720;841

1721;930

1722;895

1723;1004

1724;926

1725;908

1726;868

1727;887

1728;996

1729;1053

1730;1184

1731;929

1732;992

1733;994

1734;995

1735;931

1736;1006

1737;980

1738;1010

1739;941

1740;976

1741;1036

1742;1008

1743;1070

1744;940

1745;1063

1746;1011

1747;970

1748;1016

1749;1033

1750;1040

1751;1085

1752;978

1753;1105

1754;1024

1755;952

1756;1114

1757;1056

1758;1047

1759;998

1760;1018

1761;1065

1762;977

1763;984

1764;1001

1765;1080

1766;1064

1767;1052

1768;1040

1769;961

1770;993

1771;963

1772;1062

1773;1631

1774;980

1775;1036

1776;951

1777;1231

1778;1012

1779;1065

1780;940

1781;1052

1782;1002

1783;1012

1784;966

1785;1006

1786;1176

1787;990

1788;1042

1789;1056

1790;1062

1791;1012

1792;1049

1793;1056

1794;1069

1795;1018

1796;990

1797;974

1798;1074

1799;996

1800;993

1801;1004

1802;982

1803;962

1804;976

1805;999

1806;958

1807;1128

1808;1002

1809;988

1810;1027

1811;1069

1812;944

1813;1034

1814;1015

1815;1001

1816;1015

1817;988

1818;1030

1819;973

1820;1065

1821;1015

1822;1044

1823;1058

1824;1012

1825;1203

1826;1020

1827;1069

1828;1022

1829;1126

1830;1082

1831;1057

1832;1120

1833;1090

1834;1109

1835;1049

1836;1111

1837;1231

1838;1132

1839;1137

1840;1156

1841;1155

1842;1158

1843;1164

1844;1224

1845;1394

1846;1498

1847;1193

1848;1158

1849;1208

1850;1267

1851;1266

1852;1233

1853;1303

1854;1296

1855;1302

1856;1340

1857;1340

1858;1368

1859;1358

1860;1390

1861;1308

1862;1442

1863;1401

1864;1420

1865;1428

1866;1483

1867;1451

1868;1458

1869;1491

1870;1510

1871;1472

1872;1530

1873;1609

1874;1680

1875;1599

1876;1583

1877;1673

1878;1550

1879;1623

1880;1626

1881;1702

1882;1706

1883;1712

1884;1726

1885;1751

1886;1866

1887;1850

1888;1786

1889;1917

1890;1868

1891;1765

1892;1715

1893;1657

1894;1530

1895;1262

1896;1071

1897;814

1898;722

1899;688

1900;602

1901;603

1902;579

1903;610

1904;566

1905;630

1906;578

1907;521

1908;548

1909;580

1910;560

1911;538

1912;617

1913;614

1914;598

1915;611

1916;658

1917;576

1918;676

1919;620

1920;630

1921;633

1922;591

1923;725

1924;628

1925;645

1926;632

1927;674

1928;833

1929;769

1930;759

1931;826

1932;800

1933;896

1934;997

1935;1443

1936;4740

1937;34022

1938;65535

1939;65535

1940;43957

1941;31766

1942;15626

1943;3607

1944;1418

1945;1086

1946;964

1947;873

1948;776

1949;840

1950;723

1951;687

1952;683

1953;697

1954;647

1955;774

1956;673

1957;691

1958;605

1959;589

1960;528

1961;627

1962;590

1963;594

1964;566

1965;590

1966;606

1967;546

1968;625

1969;501

1970;601

1971;581

1972;515

1973;578

1974;544

1975;556

1976;586

1977;619

1978;576

1979;530

1980;514

1981;545

1982;582

1983;545

1984;542

1985;544

1986;514

1987;508

1988;532

1989;552

1990;586

1991;550

1992;596

1993;520

1994;492

1995;550

1996;512

1997;516

1998;567

1999;555

2000;674

2001;520

2002;507

2003;508

2004;580

2005;607

2006;514

2007;658

2008;503

2009;566

2010;865

2011;669

2012;720

2013;578

2014;517

2015;608

2016;562

2017;720

2018;540

2019;539

2020;546

2021;543

2022;658

2023;559

2024;535

2025;604

2026;629

2027;507

2028;522

2029;517

2030;617

2031;567

2032;535

2033;494

2034;601

2035;478

2036;550

2037;579

2038;514

2039;509

2040;505

2041;536

2042;532

2043;520

2044;544

2045;617

2046;602

2047;520

