Data
0;466

1;306

2;298

3;301

4;299

5;735

6;781

7;700

8;746

9;778

10;864

11;840

12;818

13;836

14;859

15;905

16;947

17;977

18;940

19;998

20;965

21;904

22;929

23;973

24;930

25;934

26;968

27;1100

28;1003

29;1072

30;1014

31;993

32;1015

33;1071

34;1194

35;1091

36;1086

37;1162

38;1107

39;1106

40;1092

41;1068

42;1063

43;1103

44;1132

45;1085

46;1218

47;1132

48;1223

49;1122

50;1586

51;1190

52;1148

53;1152

54;1140

55;1161

56;1186

57;1194

58;1157

59;1133

60;1141

61;1168

62;1278

63;1222

64;1187

65;1190

66;1196

67;1180

68;1143

69;1165

70;1258

71;1265

72;1172

73;1163

74;1138

75;1117

76;1124

77;1155

78;1111

79;1158

80;1098

81;1150

82;1148

83;1206

84;1106

85;1244

86;1143

87;1171

88;1113

89;1146

90;1155

91;1081

92;1086

93;1072

94;1102

95;1098

96;1075

97;1060

98;1065

99;1151

100;1086

101;1100

102;1173

103;1090

104;1034

105;1106

106;1040

107;1082

108;1014

109;1040

110;1037

111;1157

112;1118

113;1044

114;1034

115;1111

116;1033

117;1074

118;994

119;998

120;1016

121;1039

122;1007

123;1094

124;962

125;1040

126;1075

127;1002

128;1022

129;998

130;1141

131;932

132;972

133;958

134;938

135;1046

136;1000

137;940

138;957

139;967

140;1015

141;962

142;994

143;926

144;906

145;958

146;953

147;1012

148;936

149;908

150;1012

151;966

152;1088

153;842

154;911

155;927

156;918

157;874

158;913

159;978

160;908

161;882

162;947

163;957

164;920

165;936

166;901

167;997

168;892

169;928

170;896

171;793

172;1027

173;912

174;889

175;902

176;869

177;897

178;873

179;861

180;820

181;863

182;876

183;880

184;774

185;876

186;909

187;828

188;936

189;826

190;795

191;846

192;854

193;773

194;986

195;853

196;833

197;863

198;818

199;774

200;792

201;814

202;857

203;790

204;810

205;818

206;839

207;827

208;800

209;803

210;801

211;776

212;787

213;770

214;1066

215;748

216;888

217;788

218;841

219;841

220;772

221;778

222;784

223;837

224;842

225;810

226;862

227;817

228;867

229;821

230;874

231;756

232;807

233;748

234;898

235;919

236;809

237;796

238;810

239;874

240;816

241;842

242;833

243;806

244;858

245;960

246;831

247;892

248;871

249;828

250;802

251;859

252;898

253;858

254;865

255;867

256;897

257;894

258;859

259;914

260;870

261;878

262;889

263;969

264;948

265;955

266;922

267;934

268;954

269;959

270;933

271;980

272;988

273;1073

274;1040

275;1057

276;1009

277;1045

278;1102

279;992

280;1056

281;1116

282;1065

283;984

284;1021

285;996

286;1002

287;993

288;952

289;1122

290;967

291;988

292;990

293;2151

294;945

295;970

296;989

297;914

298;897

299;974

300;964

301;944

302;1015

303;928

304;934

305;934

306;999

307;919

308;967

309;1132

310;947

311;1066

312;892

313;956

314;984

315;1749

316;876

317;871

318;882

319;958

320;881

321;868

322;928

323;902

324;836

325;837

326;841

327;848

328;822

329;810

330;872

331;816

332;815

333;853

334;816

335;795

336;791

337;748

338;786

339;729

340;775

341;739

342;732

343;773

344;764

345;716

346;718

347;775

348;692

349;706

350;669

351;852

352;706

353;673

354;811

355;658

356;778

357;776

358;769

359;674

360;686

361;692

362;634

363;676

364;663

365;725

366;720

367;667

368;612

369;743

370;619

371;696

372;660

373;672

374;656

375;640

376;621

377;659

378;641

379;634

380;604

381;611

382;606

383;638

384;702

385;644

386;621

387;578

388;694

389;629

390;606

391;594

392;609

393;593

394;633

395;610

396;600

397;731

398;582

399;676

400;595

401;607

402;596

403;623

404;670

405;633

406;580

407;653

408;616

409;622

410;586

411;631

412;634

413;650

414;572

415;611

416;652

417;607

418;670

419;624

420;643

421;619

422;623

423;644

424;631

425;664

426;612

427;630

428;558

429;949

430;622

431;578

432;743

433;615

434;584

435;559

436;644

437;590

438;675

439;608

440;598

441;647

442;638

443;646

444;610

445;637

446;613

447;621

448;722

449;785

450;648

451;598

452;629

453;664

454;630

455;596

456;668

457;590

458;631

459;598

460;633

461;624

462;571

463;636

464;687

465;546

466;610

467;636

468;592

469;559

470;654

471;583

472;661

473;565

474;618

475;584

476;553

477;630

478;591

479;598

480;596

481;618

482;630

483;591

484;652

485;717

486;602

487;667

488;608

489;580

490;572

491;582

492;712

493;655

494;804

495;574

496;613

497;642

498;604

499;613

500;611

501;628

502;625

503;655

504;606

505;583

506;566

507;595

508;606

509;602

510;618

511;652

512;588

513;548

514;599

515;621

516;623

517;582

518;599

519;612

520;633

521;627

522;563

523;604

524;648

525;577

526;629

527;588

528;600

529;607

530;605

531;573

532;586

533;626

534;569

535;587

536;607

537;644

538;622

539;633

540;621

541;660

542;640

543;573

544;666

545;583

546;812

547;606

548;574

549;589

550;708

551;616

552;640

553;578

554;614

555;581

556;554

557;586

558;634

559;648

560;618

561;570

562;559

563;632

564;666

565;613

566;556

567;604

568;704

569;636

570;571

571;650

572;581

573;586

574;634

575;583

576;608

577;610

578;632

579;604

580;598

581;619

582;623

583;627

584;633

585;580

586;613

587;614

588;603

589;748

590;636

591;657

592;641

593;603

594;572

595;619

596;581

597;663

598;599

599;649

600;630

601;634

602;646

603;642

604;604

605;833

606;721

607;630

608;656

609;615

610;634

611;593

612;542

613;602

614;681

615;648

616;628

617;674

618;630

619;652

620;592

621;622

622;638

623;622

624;626

625;617

626;657

627;597

628;658

629;615

630;662

631;623

632;686

633;616

634;641

635;562

636;660

637;654

638;668

639;636

640;688

641;654

642;640

643;682

644;576

645;653

646;617

647;727

648;650

649;602

650;619

651;630

652;597

653;620

654;616

655;752

656;862

657;1126

658;585

659;620

660;656

661;648

662;664

663;578

664;614

665;669

666;609

667;653

668;610

669;705

670;643

671;658

672;593

673;648

674;695

675;653

676;654

677;764

678;590

679;639

680;654

681;643

682;638

683;677

684;583

685;605

686;612

687;618

688;612

689;631

690;584

691;672

692;610

693;704

694;622

695;646

696;640

697;669

698;624

699;806

700;652

701;607

702;642

703;666

704;667

705;657

706;647

707;688

708;686

709;720

710;664

711;661

712;665

713;698

714;852

715;599

716;677

717;683

718;642

719;660

720;664

721;651

722;660

723;674

724;600

725;685

726;664

727;699

728;644

729;674

730;656

731;655

732;652

733;673

734;704

735;656

736;714

737;674

738;756

739;706

740;641

741;715

742;675

743;662

744;657

745;634

746;731

747;645

748;660

749;653

750;687

751;687

752;695

753;678

754;711

755;668

756;628

757;1144

758;712

759;1143

760;727

761;694

762;709

763;702

764;712

765;654

766;744

767;668

768;791

769;666

770;669

771;718

772;643

773;702

774;785

775;721

776;816

777;702

778;658

779;737

780;776

781;738

782;708

783;737

784;725

785;709

786;688

787;662

788;704

789;684

790;933

791;706

792;785

793;732

794;775

795;704

796;702

797;697

798;754

799;711

800;730

801;753

802;766

803;745

804;710

805;736

806;685

807;687

808;730

809;732

810;759

811;732

812;860

813;698

814;806

815;743

816;706

817;744

818;850

819;716

820;790

821;714

822;854

823;723

824;733

825;760

826;760

827;858

828;777

829;730

830;760

831;738

832;733

833;806

834;787

835;782

836;755

837;731

838;784

839;727

840;747

841;782

842;800

843;759

844;754

845;794

846;723

847;728

848;865

849;818

850;705

851;734

852;813

853;760

854;764

855;765

856;757

857;745

858;751

859;721

860;795

861;772

862;803

863;797

864;748

865;785

866;791

867;1020

868;1020

869;744

870;781

871;796

872;794

873;751

874;734

875;740

876;758

877;803

878;830

879;741

880;778

881;718

882;760

883;780

884;858

885;744

886;795

887;769

888;914

889;771

890;758

891;755

892;885

893;749

894;768

895;718

896;778

897;827

898;851

899;780

900;816

901;841

902;785

903;781

904;784

905;852

906;794

907;835

908;849

909;824

910;835

911;780

912;769

913;756

914;783

915;739

916;841

917;797

918;818

919;1407

920;830

921;821

922;782

923;823

924;775

925;834

926;761

927;818

928;797

929;818

930;837

931;816

932;862

933;791

934;829

935;812

936;839

937;854

938;822

939;838

940;762

941;922

942;806

943;802

944;797

945;848

946;823

947;889

948;816

949;822

950;837

951;770

952;794

953;787

954;827

955;885

956;811

957;786

958;878

959;812

960;806

961;821

962;910

963;880

964;790

965;841

966;795

967;990

968;783

969;806

970;817

971;850

972;869

973;846

974;848

975;812

976;838

977;857

978;799

979;814

980;819

981;821

982;839

983;788

984;879

985;938

986;851

987;806

988;808

989;864

990;936

991;826

992;830

993;815

994;831

995;807

996;884

997;929

998;845

999;826

1000;841

1001;832

1002;846

1003;835

1004;865

1005;865

1006;856

1007;858

1008;820

1009;905

1010;822

1011;948

1012;822

1013;833

1014;890

1015;823

1016;918

1017;868

1018;894

1019;806

1020;826

1021;822

1022;853

1023;890

1024;877

1025;916

1026;890

1027;889

1028;788

1029;912

1030;854

1031;887

1032;941

1033;868

1034;874

1035;871

1036;850

1037;904

1038;874

1039;917

1040;857

1041;853

1042;937

1043;912

1044;885

1045;878

1046;945

1047;902

1048;890

1049;913

1050;848

1051;876

1052;859

1053;896

1054;890

1055;869

1056;878

1057;911

1058;892

1059;936

1060;1256

1061;882

1062;889

1063;903

1064;930

1065;920

1066;903

1067;926

1068;981

1069;942

1070;965

1071;902

1072;906

1073;934

1074;894

1075;887

1076;927

1077;910

1078;941

1079;885

1080;935

1081;983

1082;1056

1083;936

1084;933

1085;908

1086;935

1087;957

1088;906

1089;948

1090;946

1091;1073

1092;1017

1093;1008

1094;949

1095;1021

1096;1016

1097;1051

1098;1012

1099;1039

1100;1036

1101;1067

1102;1047

1103;1064

1104;1181

1105;1109

1106;1101

1107;1106

1108;1157

1109;1088

1110;1135

1111;1505

1112;1173

1113;1097

1114;1044

1115;1152

1116;1198

1117;1178

1118;1117

1119;1168

1120;1193

1121;1224

1122;1201

1123;1241

1124;1207

1125;1300

1126;1308

1127;1312

1128;1284

1129;1297

1130;1358

1131;1421

1132;1362

1133;1340

1134;1380

1135;1348

1136;1359

1137;1419

1138;1422

1139;1353

1140;1407

1141;1441

1142;1433

1143;1458

1144;1416

1145;1628

1146;1443

1147;1421

1148;1398

1149;1408

1150;1456

1151;1550

1152;1410

1153;1447

1154;1543

1155;1422

1156;1415

1157;1370

1158;1412

1159;1379

1160;1389

1161;1420

1162;1386

1163;1410

1164;1409

1165;1480

1166;1439

1167;1460

1168;1454

1169;1405

1170;1464

1171;1372

1172;1446

1173;1362

1174;1381

1175;1280

1176;1335

1177;1345

1178;1291

1179;1330

1180;1272

1181;1256

1182;1233

1183;1353

1184;1340

1185;1314

1186;1225

1187;1280

1188;1312

1189;1293

1190;1204

1191;1228

1192;1261

1193;1261

1194;1258

1195;1306

1196;1290

1197;1306

1198;1223

1199;1268

1200;1208

1201;1274

1202;1209

1203;1252

1204;1327

1205;1222

1206;1339

1207;1216

1208;1326

1209;1222

1210;1453

1211;1207

1212;1226

1213;1213

1214;1223

1215;1321

1216;1184

1217;1204

1218;1186

1219;1168

1220;1162

1221;1196

1222;1192

1223;1336

1224;1249

1225;1177

1226;1275

1227;1172

1228;1242

1229;1268

1230;1216

1231;1181

1232;1205

1233;1214

1234;1241

1235;1354

1236;1232

1237;1266

1238;1255

1239;1264

1240;1335

1241;1380

1242;1358

1243;1322

1244;1347

1245;1394

1246;1426

1247;1464

1248;1473

1249;1533

1250;1558

1251;1548

1252;1564

1253;1565

1254;1609

1255;1608

1256;1593

1257;1612

1258;1572

1259;1622

1260;1589

1261;1526

1262;1554

1263;1506

1264;1532

1265;1450

1266;1448

1267;1502

1268;1398

1269;1445

1270;1372

1271;1540

1272;1486

1273;1433

1274;1394

1275;1526

1276;1391

1277;1396

1278;1515

1279;1404

1280;1431

1281;1440

1282;1568

1283;1376

1284;1404

1285;1368

1286;1466

1287;1397

1288;1366

1289;1419

1290;1468

1291;1459

1292;1484

1293;1488

1294;1530

1295;1491

1296;1433

1297;1450

1298;1460

1299;1560

1300;1470

1301;1509

1302;1514

1303;1494

1304;1506

1305;1560

1306;1561

1307;1500

1308;1518

1309;1558

1310;1544

1311;1510

1312;1693

1313;1574

1314;1597

1315;1606

1316;1594

1317;1550

1318;1644

1319;1658

1320;1612

1321;1580

1322;1598

1323;1631

1324;1559

1325;1585

1326;1562

1327;1557

1328;1560

1329;1577

1330;1576

1331;1616

1332;1624

1333;1601

1334;1504

1335;1572

1336;1541

1337;1670

1338;1506

1339;1546

1340;1597

1341;1551

1342;1498

1343;1576

1344;1528

1345;1470

1346;1498

1347;1545

1348;1570

1349;1585

1350;1614

1351;1655

1352;1529

1353;1604

1354;1593

1355;1606

1356;1657

1357;1640

1358;1668

1359;1583

1360;1671

1361;1645

1362;1556

1363;1626

1364;1684

1365;1657

1366;1690

1367;1638

1368;1627

1369;1541

1370;1548

1371;1642

1372;1629

1373;1545

1374;1522

1375;1532

1376;1554

1377;1637

1378;1472

1379;1588

1380;1488

1381;1486

1382;1446

1383;1522

1384;1478

1385;1536

1386;1518

1387;1489

1388;1480

1389;1490

1390;1484

1391;1472

1392;1470

1393;1440

1394;1487

1395;1472

1396;1606

1397;1538

1398;1479

1399;1522

1400;1576

1401;1495

1402;1553

1403;1541

1404;1444

1405;1440

1406;1525

1407;1523

1408;1700

1409;1553

1410;1554

1411;1540

1412;1629

1413;1616

1414;1597

1415;1598

1416;1630

1417;1621

1418;1635

1419;1644

1420;2270

1421;1606

1422;1657

1423;1616

1424;1661

1425;1657

1426;1770

1427;1875

1428;1894

1429;1825

1430;1852

1431;1909

1432;1865

1433;1809

1434;1897

1435;1784

1436;1746

1437;1707

1438;1691

1439;1768

1440;1738

1441;1757

1442;1751

1443;1820

1444;1782

1445;1856

1446;1798

1447;1780

1448;1860

1449;1876

1450;1916

1451;1845

1452;1827

1453;1846

1454;1832

1455;1810

1456;1760

1457;1726

1458;1737

1459;1685

1460;1839

1461;1744

1462;1762

1463;1748

1464;1722

1465;1728

1466;1820

1467;1715

1468;1738

1469;1729

1470;1741

1471;1718

1472;1740

1473;1721

1474;1756

1475;1756

1476;1820

1477;1742

1478;1953

1479;1718

1480;1772

1481;1726

1482;1739

1483;1741

1484;1746

1485;1677

1486;1727

1487;1728

1488;1757

1489;1877

1490;1899

1491;1911

1492;1773

1493;1783

1494;1719

1495;1763

1496;1804

1497;1734

1498;1723

1499;1764

1500;1727

1501;1774

1502;1647

1503;1789

1504;1677

1505;1705

1506;1688

1507;1700

1508;1738

1509;1660

1510;1717

1511;1694

1512;1741

1513;1669

1514;1758

1515;1778

1516;1747

1517;1766

1518;1781

1519;1840

1520;1794

1521;2290

1522;1789

1523;1817

1524;1822

1525;1741

1526;1851

1527;1757

1528;1732

1529;1724

1530;1783

1531;1928

1532;1764

1533;1822

1534;1788

1535;1845

1536;1846

1537;1778

1538;1827

1539;1829

1540;1764

1541;1808

1542;1848

1543;1829

1544;1814

1545;1860

1546;1840

1547;1886

1548;1878

1549;1911

1550;1957

1551;1939

1552;1869

1553;1827

1554;1959

1555;1857

1556;1873

1557;2299

1558;1872

1559;1838

1560;1909

1561;1990

1562;1846

1563;1885

1564;1947

1565;1957

1566;1887

1567;1826

1568;1854

1569;1864

1570;1868

1571;1908

1572;1877

1573;1927

1574;1861

1575;1954

1576;1922

1577;1886

1578;1932

1579;1863

1580;1919

1581;1960

1582;3094

1583;1969

1584;1922

1585;1869

1586;1866

1587;1798

1588;1979

1589;1838

1590;1879

1591;1799

1592;1766

1593;1858

1594;1842

1595;1886

1596;1798

1597;1868

1598;1921

1599;1939

1600;1948

1601;1812

1602;1909

1603;1948

1604;1864

1605;1957

1606;2030

1607;1975

1608;1911

1609;1871

1610;1861

1611;1990

1612;1980

1613;1875

1614;1968

1615;2134

1616;1914

1617;1939

1618;1944

1619;2061

1620;1929

1621;1940

1622;1950

1623;1921

1624;1938

1625;1961

1626;1972

1627;1940

1628;2112

1629;1928

1630;1997

1631;1983

1632;1954

1633;2004

1634;2036

1635;2112

1636;1873

1637;1970

1638;2002

1639;1949

1640;2010

1641;1934

1642;1944

1643;2044

1644;1991

1645;2055

1646;1978

1647;2068

1648;2008

1649;2044

1650;2060

1651;2192

1652;2125

1653;2108

1654;2113

1655;2128

1656;2114

1657;2153

1658;2173

1659;2103

1660;2171

1661;2135

1662;2211

1663;2108

1664;2128

1665;2345

1666;2094

1667;2196

1668;2204

1669;2122

1670;2295

1671;2208

1672;2202

1673;2198

1674;2476

1675;2215

1676;2230

1677;2178

1678;2280

1679;2207

1680;2266

1681;2289

1682;2354

1683;2313

1684;2296

1685;2246

1686;2278

1687;2318

1688;2253

1689;2298

1690;2253

1691;2346

1692;2313

1693;2530

1694;2407

1695;2462

1696;2414

1697;2436

1698;2644

1699;2654

1700;2355

1701;2393

1702;2402

1703;2351

1704;2412

1705;2358

1706;2443

1707;2432

1708;2436

1709;2488

1710;2438

1711;2465

1712;2489

1713;2486

1714;2484

1715;2503

1716;2507

1717;2636

1718;2554

1719;2529

1720;2542

1721;2566

1722;2581

1723;2690

1724;2599

1725;2648

1726;2524

1727;2563

1728;2707

1729;2746

1730;2892

1731;2645

1732;2757

1733;2766

1734;2781

1735;2733

1736;2847

1737;2844

1738;2859

1739;2856

1740;2888

1741;2937

1742;2918

1743;2988

1744;2852

1745;2916

1746;2936

1747;2936

1748;2929

1749;2986

1750;2973

1751;3041

1752;2948

1753;3069

1754;2991

1755;2904

1756;3088

1757;2994

1758;2999

1759;2980

1760;2941

1761;2985

1762;2963

1763;2924

1764;2957

1765;2965

1766;2960

1767;2934

1768;2903

1769;2869

1770;2857

1771;2846

1772;2890

1773;3634

1774;2836

1775;2921

1776;2848

1777;3093

1778;2923

1779;2906

1780;2861

1781;2903

1782;2958

1783;2975

1784;2960

1785;3094

1786;3280

1787;3139

1788;3206

1789;3250

1790;3314

1791;3215

1792;3294

1793;3202

1794;3209

1795;3061

1796;3114

1797;2992

1798;3074

1799;3004

1800;2960

1801;2949

1802;3022

1803;2986

1804;2979

1805;2982

1806;2979

1807;3182

1808;3063

1809;2994

1810;3053

1811;3157

1812;3042

1813;3170

1814;3075

1815;3089

1816;3212

1817;3143

1818;3161

1819;3250

1820;3388

1821;3319

1822;3302

1823;3449

1824;3424

1825;3608

1826;3552

1827;3626

1828;3566

1829;3686

1830;3709

1831;3741

1832;3847

1833;3861

1834;3936

1835;4022

1836;4099

1837;4226

1838;4157

1839;4288

1840;4294

1841;4304

1842;4466

1843;4480

1844;4661

1845;4830

1846;4999

1847;4753

1848;4733

1849;4923

1850;5105

1851;5104

1852;5138

1853;5310

1854;5432

1855;5408

1856;5654

1857;5737

1858;5827

1859;5931

1860;6111

1861;6089

1862;6312

1863;6397

1864;6385

1865;6565

1866;6631

1867;6751

1868;6863

1869;6986

1870;7032

1871;7176

1872;7239

1873;7349

1874;7469

1875;7541

1876;7548

1877;7585

1878;7690

1879;7784

1880;7917

1881;7910

1882;8026

1883;8046

1884;8215

1885;8298

1886;8590

1887;8652

1888;8656

1889;8775

1890;8789

1891;8493

1892;8036

1893;7126

1894;6021

1895;4623

1896;3358

1897;2272

1898;1602

1899;1207

1900;920

1901;825

1902;730

1903;722

1904;682

1905;707

1906;672

1907;604

1908;642

1909;640

1910;616

1911;602

1912;687

1913;672

1914;659

1915;663

1916;728

1917;632

1918;737

1919;676

1920;716

1921;716

1922;662

1923;783

1924;675

1925;701

1926;734

1927;753

1928;908

1929;866

1930;816

1931;932

1932;952

1933;1082

1934;1185

1935;1656

1936;5421

1937;39961

1938;65535

1939;65535

1940;57250

1941;39143

1942;19288

1943;4668

1944;1708

1945;1275

1946;1111

1947;974

1948;835

1949;923

1950;814

1951;776

1952;734

1953;737

1954;692

1955;836

1956;707

1957;721

1958;633

1959;626

1960;571

1961;638

1962;621

1963;626

1964;599

1965;581

1966;613

1967;552

1968;647

1969;526

1970;609

1971;604

1972;556

1973;616

1974;569

1975;547

1976;604

1977;645

1978;566

1979;548

1980;510

1981;544

1982;622

1983;566

1984;553

1985;568

1986;532

1987;530

1988;535

1989;558

1990;606

1991;559

1992;589

1993;533

1994;526

1995;554

1996;531

1997;546

1998;586

1999;572

2000;675

2001;529

2002;538

2003;520

2004;594

2005;591

2006;523

2007;664

2008;515

2009;585

2010;868

2011;653

2012;740

2013;570

2014;534

2015;618

2016;583

2017;725

2018;533

2019;546

2020;549

2021;642

2022;679

2023;542

2024;558

2025;624

2026;647

2027;503

2028;524

2029;522

2030;618

2031;574

2032;541

2033;510

2034;619

2035;468

2036;562

2037;572

2038;504

2039;501

2040;510

2041;520

2042;534

2043;536

2044;532

2045;605

2046;608

2047;520

