Data
0;469

1;322

2;304

3;297

4;305

5;554

6;573

7;501

8;531

9;543

10;595

11;579

12;525

13;533

14;560

15;606

16;642

17;644

18;582

19;641

20;592

21;523

22;550

23;589

24;556

25;539

26;547

27;669

28;552

29;614

30;562

31;547

32;548

33;589

34;734

35;575

36;639

37;687

38;628

39;619

40;584

41;554

42;563

43;570

44;634

45;562

46;680

47;619

48;672

49;579

50;1031

51;644

52;610

53;656

54;605

55;567

56;618

57;623

58;601

59;591

60;571

61;656

62;711

63;669

64;646

65;669

66;630

67;633

68;611

69;632

70;706

71;720

72;637

73;612

74;576

75;586

76;601

77;654

78;580

79;618

80;560

81;583

82;626

83;636

84;572

85;692

86;608

87;656

88;578

89;617

90;650

91;572

92;569

93;582

94;616

95;580

96;595

97;588

98;574

99;654

100;589

101;614

102;689

103;604

104;559

105;625

106;584

107;621

108;573

109;578

110;608

111;681

112;646

113;613

114;626

115;645

116;607

117;620

118;564

119;578

120;585

121;609

122;574

123;674

124;535

125;594

126;680

127;589

128;618

129;598

130;725

131;519

132;535

133;574

134;514

135;657

136;574

137;570

138;572

139;594

140;642

141;564

142;626

143;560

144;534

145;614

146;597

147;652

148;564

149;555

150;640

151;630

152;702

153;512

154;575

155;578

156;595

157;526

158;589

159;647

160;568

161;570

162;614

163;619

164;565

165;605

166;613

167;673

168;577

169;594

170;594

171;500

172;697

173;620

174;578

175;629

176;568

177;594

178;584

179;570

180;536

181;573

182;566

183;590

184;528

185;606

186;610

187;566

188;663

189;588

190;522

191;586

192;577

193;517

194;731

195;603

196;586

197;592

198;572

199;565

200;576

201;573

202;633

203;554

204;586

205;566

206;602

207;575

208;577

209;612

210;570

211;528

212;572

213;538

214;863

215;542

216;644

217;543

218;592

219;629

220;564

221;532

222;592

223;626

224;601

225;586

226;602

227;608

228;625

229;618

230;615

231;546

232;558

233;505

234;684

235;668

236;588

237;553

238;596

239;610

240;578

241;574

242;603

243;557

244;617

245;696

246;559

247;634

248;586

249;579

250;560

251;636

252;620

253;584

254;572

255;573

256;602

257;613

258;605

259;595

260;593

261;623

262;582

263;662

264;640

265;636

266;604

267;638

268;626

269;635

270;588

271;668

272;661

273;737

274;708

275;707

276;646

277;729

278;773

279;682

280;698

281;768

282;713

283;666

284;712

285;710

286;703

287;688

288;672

289;823

290;666

291;695

292;682

293;1875

294;656

295;677

296;718

297;648

298;624

299;695

300;700

301;686

302;748

303;660

304;672

305;711

306;731

307;688

308;738

309;872

310;730

311;693

312;675

313;724

314;809

315;1497

316;701

317;705

318;682

319;776

320;708

321;718

322;748

323;733

324;676

325;682

326;673

327;676

328;692

329;677

330;730

331;680

332;668

333;678

334;682

335;689

336;634

337;655

338;672

339;641

340;671

341;664

342;684

343;682

344;682

345;641

346;654

347;740

348;676

349;675

350;630

351;823

352;669

353;668

354;818

355;630

356;740

357;695

358;685

359;607

360;617

361;617

362;535

363;600

364;567

365;651

366;638

367;561

368;516

369;660

370;544

371;608

372;602

373;557

374;552

375;544

376;540

377;569

378;540

379;555

380;544

381;532

382;521

383;522

384;613

385;570

386;523

387;523

388;632

389;535

390;520

391;512

392;540

393;511

394;562

395;524

396;541

397;650

398;502

399;598

400;526

401;570

402;507

403;555

404;581

405;526

406;502

407;577

408;540

409;531

410;510

411;556

412;546

413;558

414;507

415;506

416;559

417;539

418;584

419;552

420;565

421;530

422;537

423;585

424;532

425;590

426;550

427;568

428;494

429;608

430;536

431;528

432;650

433;532

434;514

435;489

436;573

437;510

438;621

439;519

440;516

441;574

442;536

443;590

444;553

445;563

446;546

447;540

448;648

449;702

450;587

451;525

452;554

453;595

454;557

455;514

456;594

457;513

458;553

459;508

460;556

461;594

462;487

463;535

464;638

465;497

466;534

467;562

468;511

469;481

470;570

471;520

472;582

473;500

474;537

475;526

476;491

477;566

478;492

479;530

480;529

481;563

482;560

483;535

484;574

485;644

486;552

487;583

488;516

489;510

490;488

491;501

492;670

493;572

494;763

495;498

496;556

497;600

498;540

499;542

500;541

501;575

502;552

503;578

504;535

505;522

506;498

507;525

508;543

509;500

510;547

511;567

512;510

513;476

514;524

515;538

516;561

517;518

518;528

519;534

520;562

521;556

522;482

523;524

524;593

525;513

526;552

527;519

528;523

529;518

530;546

531;516

532;492

533;524

534;472

535;508

536;522

537;566

538;553

539;562

540;538

541;567

542;582

543;492

544;601

545;508

546;646

547;535

548;482

549;505

550;598

551;542

552;562

553;512

554;518

555;523

556;483

557;498

558;570

559;546

560;547

561;491

562;464

563;552

564;624

565;533

566;472

567;528

568;633

569;560

570;485

571;579

572;504

573;527

574;548

575;494

576;514

577;521

578;560

579;498

580;531

581;537

582;532

583;533

584;556

585;490

586;542

587;513

588;507

589;674

590;550

591;554

592;534

593;514

594;486

595;519

596;499

597;556

598;509

599;549

600;528

601;560

602;574

603;546

604;512

605;746

606;647

607;529

608;558

609;506

610;542

611;501

612;481

613;520

614;577

615;567

616;499

617;581

618;522

619;554

620;515

621;528

622;546

623;521

624;538

625;527

626;545

627;518

628;530

629;515

630;564

631;498

632;575

633;500

634;544

635;474

636;542

637;525

638;578

639;531

640;584

641;540

642;558

643;537

644;466

645;551

646;542

647;642

648;555

649;515

650;514

651;510

652;504

653;509

654;528

655;634

656;777

657;1114

658;494

659;498

660;562

661;527

662;537

663;477

664;498

665;531

666;495

667;533

668;517

669;572

670;493

671;554

672;461

673;528

674;526

675;543

676;558

677;634

678;490

679;503

680;534

681;499

682;514

683;564

684;460

685;483

686;488

687;489

688;486

689;508

690;484

691;554

692;480

693;580

694;490

695;513

696;507

697;525

698;502

699;674

700;514

701;492

702;510

703;530

704;526

705;522

706;506

707;548

708;550

709;575

710;537

711;528

712;542

713;572

714;712

715;482

716;525

717;546

718;509

719;549

720;526

721;520

722;524

723;539

724;461

725;538

726;539

727;628

728;571

729;552

730;538

731;531

732;510

733;540

734;558

735;500

736;572

737;544

738;596

739;580

740;500

741;569

742;526

743;498

744;509

745;477

746;588

747;496

748;504

749;500

750;538

751;533

752;553

753;502

754;539

755;511

756;480

757;577

758;535

759;908

760;556

761;542

762;531

763;537

764;534

765;499

766;592

767;506

768;633

769;504

770;533

771;538

772;484

773;552

774;612

775;541

776;643

777;530

778;492

779;565

780;593

781;552

782;512

783;558

784;542

785;568

786;513

787;502

788;557

789;518

790;1057

791;501

792;592

793;534

794;571

795;535

796;510

797;497

798;558

799;521

800;522

801;564

802;587

803;551

804;525

805;538

806;503

807;496

808;544

809;565

810;547

811;515

812;638

813;514

814;609

815;521

816;526

817;538

818;631

819;505

820;602

821;528

822;662

823;526

824;533

825;549

826;556

827;650

828;567

829;500

830;551

831;522

832;557

833;598

834;570

835;564

836;522

837;504

838;558

839;502

840;546

841;566

842;588

843;526

844;530

845;572

846;499

847;514

848;620

849;600

850;486

851;510

852;578

853;557

854;524

855;529

856;522

857;545

858;526

859;492

860;573

861;560

862;587

863;538

864;508

865;555

866;544

867;786

868;771

869;530

870;561

871;550

872;562

873;510

874;490

875;508

876;510

877;555

878;587

879;503

880;544

881;479

882;533

883;530

884;610

885;494

886;516

887;535

888;657

889;540

890;518

891;482

892;606

893;508

894;522

895;480

896;528

897;562

898;573

899;514

900;530

901;579

902;533

903;528

904;508

905;591

906;558

907;562

908;566

909;565

910;576

911;517

912;534

913;498

914;540

915;485

916;571

917;521

918;536

919;1126

920;557

921;544

922;519

923;544

924;519

925;576

926;495

927;536

928;527

929;546

930;568

931;541

932;578

933;550

934;558

935;560

936;570

937;610

938;565

939;573

940;501

941;1362

942;561

943;530

944;523

945;596

946;576

947;639

948;554

949;568

950;549

951;530

952;526

953;507

954;552

955;613

956;546

957;517

958;604

959;546

960;534

961;554

962;618

963;604

964;487

965;534

966;516

967;710

968;489

969;523

970;530

971;552

972;582

973;552

974;546

975;533

976;560

977;581

978;514

979;533

980;562

981;534

982;561

983;510

984;567

985;630

986;541

987;498

988;516

989;582

990;656

991;531

992;547

993;499

994;537

995;520

996;581

997;616

998;534

999;552

1000;540

1001;543

1002;517

1003;548

1004;559

1005;557

1006;562

1007;529

1008;538

1009;603

1010;512

1011;648

1012;504

1013;504

1014;600

1015;537

1016;592

1017;584

1018;609

1019;503

1020;497

1021;536

1022;523

1023;539

1024;565

1025;601

1026;558

1027;552

1028;514

1029;593

1030;526

1031;566

1032;609

1033;555

1034;550

1035;517

1036;515

1037;554

1038;526

1039;566

1040;533

1041;528

1042;595

1043;578

1044;557

1045;533

1046;598

1047;547

1048;560

1049;534

1050;514

1051;523

1052;520

1053;541

1054;525

1055;522

1056;540

1057;558

1058;538

1059;591

1060;890

1061;540

1062;540

1063;562

1064;566

1065;538

1066;566

1067;560

1068;618

1069;583

1070;608

1071;522

1072;537

1073;545

1074;517

1075;540

1076;555

1077;518

1078;581

1079;514

1080;542

1081;890

1082;670

1083;542

1084;542

1085;530

1086;551

1087;569

1088;552

1089;556

1090;570

1091;664

1092;633

1093;610

1094;554

1095;606

1096;620

1097;636

1098;585

1099;578

1100;580

1101;582

1102;563

1103;563

1104;666

1105;604

1106;569

1107;602

1108;627

1109;600

1110;618

1111;968

1112;664

1113;584

1114;573

1115;601

1116;637

1117;619

1118;578

1119;605

1120;612

1121;638

1122;591

1123;643

1124;611

1125;662

1126;692

1127;616

1128;613

1129;586

1130;658

1131;697

1132;637

1133;639

1134;637

1135;670

1136;632

1137;675

1138;677

1139;650

1140;677

1141;657

1142;672

1143;702

1144;688

1145;870

1146;702

1147;683

1148;680

1149;700

1150;730

1151;757

1152;626

1153;638

1154;757

1155;641

1156;652

1157;615

1158;623

1159;612

1160;618

1161;678

1162;666

1163;657

1164;616

1165;703

1166;623

1167;611

1168;617

1169;617

1170;713

1171;602

1172;663

1173;610

1174;665

1175;617

1176;624

1177;646

1178;623

1179;634

1180;588

1181;605

1182;596

1183;674

1184;694

1185;612

1186;576

1187;621

1188;660

1189;642

1190;618

1191;586

1192;633

1193;618

1194;633

1195;664

1196;664

1197;654

1198;589

1199;656

1200;627

1201;700

1202;626

1203;626

1204;690

1205;601

1206;744

1207;594

1208;732

1209;634

1210;853

1211;615

1212;615

1213;617

1214;612

1215;746

1216;576

1217;600

1218;578

1219;585

1220;579

1221;624

1222;619

1223;740

1224;668

1225;588

1226;686

1227;590

1228;658

1229;688

1230;644

1231;591

1232;621

1233;584

1234;612

1235;692

1236;656

1237;632

1238;628

1239;630

1240;674

1241;687

1242;686

1243;649

1244;668

1245;678

1246;740

1247;766

1248;743

1249;778

1250;819

1251;791

1252;780

1253;824

1254;831

1255;858

1256;861

1257;860

1258;854

1259;885

1260;830

1261;841

1262;897

1263;915

1264;962

1265;861

1266;853

1267;872

1268;792

1269;786

1270;714

1271;833

1272;783

1273;728

1274;700

1275;797

1276;696

1277;704

1278;755

1279;653

1280;700

1281;706

1282;811

1283;622

1284;640

1285;647

1286;723

1287;672

1288;620

1289;672

1290;684

1291;660

1292;704

1293;716

1294;720

1295;713

1296;638

1297;627

1298;653

1299;774

1300;667

1301;684

1302;694

1303;674

1304;675

1305;724

1306;740

1307;708

1308;682

1309;718

1310;711

1311;657

1312;869

1313;687

1314;689

1315;744

1316;723

1317;692

1318;737

1319;728

1320;704

1321;701

1322;724

1323;742

1324;749

1325;714

1326;732

1327;709

1328;727

1329;730

1330;743

1331;770

1332;862

1333;790

1334;768

1335;826

1336;826

1337;934

1338;790

1339;862

1340;1246

1341;845

1342;784

1343;855

1344;772

1345;717

1346;710

1347;748

1348;770

1349;776

1350;805

1351;818

1352;706

1353;755

1354;739

1355;768

1356;780

1357;786

1358;738

1359;707

1360;767

1361;788

1362;694

1363;728

1364;799

1365;763

1366;798

1367;783

1368;720

1369;709

1370;699

1371;758

1372;758

1373;686

1374;698

1375;662

1376;723

1377;784

1378;666

1379;772

1380;686

1381;676

1382;689

1383;738

1384;636

1385;692

1386;709

1387;671

1388;685

1389;688

1390;674

1391;674

1392;690

1393;670

1394;682

1395;702

1396;873

1397;788

1398;674

1399;739

1400;794

1401;676

1402;734

1403;728

1404;663

1405;658

1406;749

1407;699

1408;917

1409;694

1410;732

1411;743

1412;782

1413;739

1414;725

1415;712

1416;726

1417;742

1418;794

1419;730

1420;1402

1421;708

1422;733

1423;699

1424;732

1425;719

1426;780

1427;884

1428;918

1429;811

1430;795

1431;851

1432;847

1433;786

1434;888

1435;756

1436;738

1437;748

1438;743

1439;783

1440;772

1441;777

1442;800

1443;846

1444;766

1445;859

1446;783

1447;804

1448;794

1449;847

1450;930

1451;844

1452;821

1453;851

1454;872

1455;818

1456;811

1457;801

1458;818

1459;788

1460;949

1461;834

1462;814

1463;810

1464;766

1465;793

1466;858

1467;765

1468;768

1469;784

1470;776

1471;763

1472;759

1473;764

1474;797

1475;782

1476;782

1477;748

1478;968

1479;719

1480;797

1481;761

1482;779

1483;768

1484;823

1485;728

1486;764

1487;748

1488;791

1489;783

1490;746

1491;762

1492;762

1493;765

1494;746

1495;765

1496;804

1497;736

1498;741

1499;776

1500;723

1501;766

1502;723

1503;822

1504;765

1505;754

1506;762

1507;774

1508;749

1509;735

1510;744

1511;749

1512;831

1513;748

1514;741

1515;794

1516;747

1517;780

1518;761

1519;817

1520;752

1521;1720

1522;802

1523;810

1524;845

1525;745

1526;825

1527;736

1528;744

1529;749

1530;762

1531;960

1532;776

1533;802

1534;780

1535;815

1536;815

1537;761

1538;771

1539;876

1540;786

1541;758

1542;801

1543;792

1544;763

1545;820

1546;779

1547;816

1548;824

1549;783

1550;846

1551;831

1552;799

1553;821

1554;896

1555;778

1556;801

1557;1274

1558;796

1559;794

1560;795

1561;854

1562;762

1563;824

1564;848

1565;873

1566;823

1567;762

1568;854

1569;789

1570;838

1571;838

1572;844

1573;827

1574;826

1575;876

1576;851

1577;811

1578;857

1579;823

1580;817

1581;838

1582;1902

1583;844

1584;778

1585;787

1586;760

1587;779

1588;901

1589;757

1590;816

1591;769

1592;724

1593;815

1594;762

1595;799

1596;713

1597;790

1598;806

1599;851

1600;821

1601;758

1602;790

1603;795

1604;742

1605;825

1606;858

1607;818

1608;789

1609;760

1610;752

1611;869

1612;846

1613;755

1614;813

1615;1017

1616;757

1617;758

1618;786

1619;962

1620;772

1621;799

1622;789

1623;781

1624;750

1625;761

1626;780

1627;759

1628;959

1629;789

1630;826

1631;823

1632;729

1633;776

1634;802

1635;996

1636;720

1637;786

1638;841

1639;771

1640;854

1641;729

1642;714

1643;816

1644;778

1645;837

1646;778

1647;823

1648;791

1649;792

1650;838

1651;874

1652;849

1653;794

1654;829

1655;854

1656;773

1657;832

1658;841

1659;773

1660;840

1661;803

1662;896

1663;812

1664;826

1665;1037

1666;780

1667;811

1668;878

1669;794

1670;976

1671;886

1672;875

1673;869

1674;1126

1675;864

1676;859

1677;845

1678;888

1679;807

1680;882

1681;857

1682;927

1683;925

1684;881

1685;894

1686;824

1687;856

1688;817

1689;878

1690;860

1691;894

1692;833

1693;1059

1694;876

1695;983

1696;931

1697;889

1698;1106

1699;1140

1700;865

1701;859

1702;886

1703;887

1704;894

1705;879

1706;858

1707;912

1708;866

1709;896

1710;883

1711;894

1712;902

1713;966

1714;924

1715;919

1716;958

1717;1089

1718;981

1719;911

1720;979

1721;1009

1722;1009

1723;1090

1724;994

1725;991

1726;953

1727;989

1728;1069

1729;1142

1730;1258

1731;1032

1732;1066

1733;1088

1734;1051

1735;1042

1736;1101

1737;1068

1738;1132

1739;1069

1740;1086

1741;1154

1742;1160

1743;1208

1744;1084

1745;1137

1746;1172

1747;1106

1748;1108

1749;1114

1750;1133

1751;1215

1752;1143

1753;1211

1754;1178

1755;1091

1756;1251

1757;1180

1758;1185

1759;1110

1760;1166

1761;1157

1762;1115

1763;1110

1764;1144

1765;1171

1766;1237

1767;1126

1768;1182

1769;1071

1770;1118

1771;1101

1772;1176

1773;1757

1774;1104

1775;1169

1776;1104

1777;1329

1778;1139

1779;1203

1780;1065

1781;1156

1782;1132

1783;1114

1784;1063

1785;1126

1786;1328

1787;1142

1788;1193

1789;1216

1790;1191

1791;1163

1792;1234

1793;1218

1794;1195

1795;1122

1796;1113

1797;1101

1798;1183

1799;1120

1800;1100

1801;1113

1802;1136

1803;1087

1804;1109

1805;1103

1806;1074

1807;1296

1808;1125

1809;1132

1810;1155

1811;1227

1812;1085

1813;1197

1814;1156

1815;1134

1816;1146

1817;1119

1818;1204

1819;1175

1820;1228

1821;1198

1822;1154

1823;1235

1824;1155

1825;1418

1826;1238

1827;1293

1828;1197

1829;1382

1830;1278

1831;1277

1832;1288

1833;1316

1834;1351

1835;1311

1836;1387

1837;1472

1838;1378

1839;1389

1840;1404

1841;1448

1842;1447

1843;1464

1844;1510

1845;1703

1846;1555

1847;1518

1848;1526

1849;1548

1850;1627

1851;1622

1852;1562

1853;1657

1854;1708

1855;1688

1856;1770

1857;1745

1858;1809

1859;1786

1860;1840

1861;1778

1862;1941

1863;1883

1864;1889

1865;1953

1866;1926

1867;1989

1868;2041

1869;1990

1870;2068

1871;2118

1872;2112

1873;2164

1874;2278

1875;2304

1876;2276

1877;2250

1878;2249

1879;2315

1880;2329

1881;2469

1882;2381

1883;2408

1884;2487

1885;2577

1886;2698

1887;2802

1888;2762

1889;2853

1890;2868

1891;2740

1892;2612

1893;2398

1894;2279

1895;1839

1896;1479

1897;1104

1898;908

1899;816

1900;679

1901;695

1902;625

1903;704

1904;658

1905;678

1906;639

1907;613

1908;630

1909;670

1910;650

1911;628

1912;691

1913;715

1914;702

1915;680

1916;753

1917;691

1918;775

1919;730

1920;798

1921;802

1922;738

1923;866

1924;804

1925;830

1926;860

1927;924

1928;1083

1929;1029

1930;1088

1931;1227

1932;1304

1933;1529

1934;1710

1935;2804

1936;11644

1937;65535

1938;65535

1939;65535

1940;65535

1941;65535

1942;29658

1943;6592

1944;2536

1945;1801

1946;1512

1947;1283

1948;1152

1949;1172

1950;1010

1951;909

1952;932

1953;873

1954;820

1955;906

1956;808

1957;830

1958;743

1959;728

1960;647

1961;712

1962;665

1963;700

1964;644

1965;642

1966;668

1967;608

1968;682

1969;569

1970;664

1971;649

1972;593

1973;648

1974;602

1975;599

1976;618

1977;678

1978;593

1979;578

1980;551

1981;584

1982;650

1983;602

1984;584

1985;580

1986;560

1987;568

1988;567

1989;597

1990;636

1991;585

1992;630

1993;572

1994;529

1995;591

1996;565

1997;550

1998;606

1999;583

2000;719

2001;546

2002;540

2003;532

2004;601

2005;629

2006;554

2007;702

2008;540

2009;574

2010;875

2011;676

2012;758

2013;595

2014;556

2015;643

2016;615

2017;738

2018;564

2019;570

2020;544

2021;645

2022;694

2023;562

2024;579

2025;635

2026;656

2027;503

2028;532

2029;551

2030;636

2031;598

2032;558

2033;539

2034;621

2035;496

2036;568

2037;590

2038;529

2039;538

2040;509

2041;530

2042;532

2043;560

2044;561

2045;629

2046;644

2047;535

