Data
0;466

1;304

2;294

3;294

4;299

5;532

6;546

7;490

8;524

9;528

10;592

11;582

12;535

13;518

14;536

15;585

16;641

17;656

18;578

19;644

20;582

21;534

22;577

23;575

24;524

25;534

26;548

27;669

28;540

29;602

30;551

31;538

32;547

33;600

34;682

35;591

36;640

37;679

38;626

39;590

40;553

41;556

42;559

43;576

44;610

45;561

46;693

47;638

48;686

49;561

50;1037

51;628

52;588

53;644

54;579

55;591

56;615

57;615

58;606

59;567

60;552

61;678

62;704

63;644

64;638

65;636

66;628

67;620

68;600

69;628

70;692

71;692

72;604

73;601

74;575

75;574

76;590

77;663

78;558

79;609

80;580

81;570

82;636

83;644

84;563

85;685

86;577

87;643

88;598

89;619

90;644

91;570

92;555

93;562

94;602

95;565

96;594

97;594

98;578

99;649

100;586

101;596

102;671

103;623

104;543

105;614

106;564

107;601

108;557

109;578

110;606

111;698

112;650

113;584

114;606

115;643

116;588

117;614

118;552

119;576

120;576

121;604

122;578

123;664

124;534

125;616

126;686

127;585

128;590

129;590

130;711

131;515

132;546

133;568

134;516

135;652

136;559

137;564

138;571

139;594

140;624

141;570

142;630

143;551

144;524

145;618

146;582

147;634

148;557

149;566

150;645

151;600

152;699

153;489

154;567

155;579

156;585

157;508

158;606

159;633

160;578

161;554

162;610

163;618

164;556

165;565

166;587

167;682

168;578

169;610

170;581

171;495

172;693

173;610

174;582

175;610

176;565

177;573

178;578

179;567

180;518

181;560

182;544

183;591

184;517

185;586

186;613

187;560

188;668

189;553

190;527

191;590

192;582

193;525

194;737

195;595

196;566

197;590

198;567

199;538

200;572

201;580

202;632

203;551

204;615

205;562

206;615

207;564

208;572

209;584

210;567

211;535

212;578

213;515

214;828

215;532

216;638

217;546

218;588

219;613

220;561

221;550

222;584

223;623

224;595

225;593

226;604

227;595

228;616

229;612

230;618

231;539

232;565

233;489

234;692

235;662

236;582

237;555

238;568

239;595

240;568

241;571

242;594

243;524

244;596

245;698

246;553

247;633

248;606

249;574

250;557

251;627

252;617

253;582

254;560

255;564

256;614

257;612

258;596

259;596

260;580

261;599

262;583

263;640

264;651

265;654

266;594

267;630

268;636

269;617

270;605

271;666

272;652

273;735

274;702

275;716

276;642

277;737

278;757

279;670

280;690

281;760

282;699

283;643

284;694

285;672

286;679

287;651

288;668

289;838

290;654

291;679

292;697

293;1854

294;643

295;664

296;685

297;628

298;617

299;689

300;680

301;679

302;742

303;669

304;660

305;695

306;720

307;698

308;709

309;868

310;680

311;712

312;673

313;714

314;777

315;1543

316;674

317;688

318;667

319;768

320;686

321;715

322;742

323;722

324;662

325;692

326;670

327;668

328;684

329;680

330;726

331;688

332;657

333;682

334;663

335;653

336;660

337;623

338;663

339;603

340;673

341;649

342;661

343;678

344;675

345;638

346;638

347;708

348;640

349;669

350;634

351;812

352;657

353;663

354;801

355;626

356;739

357;682

358;698

359;590

360;606

361;613

362;538

363;580

364;552

365;644

366;626

367;560

368;524

369;644

370;533

371;605

372;604

373;571

374;552

375;544

376;522

377;567

378;537

379;551

380;546

381;519

382;512

383;540

384;602

385;559

386;526

387;515

388;639

389;535

390;529

391;526

392;528

393;510

394;541

395;530

396;513

397;636

398;492

399;581

400;524

401;548

402;498

403;540

404;584

405;528

406;484

407;563

408;534

409;526

410;494

411;523

412;552

413;568

414;483

415;509

416;558

417;514

418;556

419;568

420;529

421;534

422;554

423;566

424;524

425;579

426;534

427;557

428;488

429;624

430;545

431;510

432;663

433;531

434;510

435;498

436;557

437;510

438;622

439;526

440;500

441;567

442;544

443;580

444;566

445;559

446;522

447;533

448;650

449;691

450;560

451;537

452;562

453;572

454;547

455;524

456;578

457;490

458;549

459;506

460;566

461;578

462;494

463;544

464;622

465;468

466;548

467;550

468;516

469;473

470;570

471;512

472;558

473;483

474;529

475;527

476;486

477;566

478;481

479;521

480;509

481;544

482;567

483;522

484;564

485;621

486;548

487;574

488;513

489;512

490;488

491;508

492;630

493;572

494;536

495;504

496;564

497;599

498;517

499;529

500;514

501;550

502;544

503;563

504;520

505;492

506;508

507;531

508;521

509;506

510;550

511;568

512;531

513;466

514;500

515;522

516;551

517;504

518;518

519;538

520;544

521;540

522;465

523;513

524;590

525;483

526;534

527;525

528;522

529;529

530;541

531;506

532;481

533;530

534;479

535;530

536;528

537;558

538;557

539;546

540;541

541;569

542;577

543;475

544;580

545;509

546;643

547;538

548;488

549;487

550;608

551;538

552;539

553;494

554;521

555;504

556;475

557;490

558;562

559;548

560;534

561;480

562;462

563;542

564;619

565;525

566;472

567;514

568;616

569;546

570;482

571;551

572;508

573;510

574;525

575;478

576;517

577;512

578;554

579;500

580;527

581;542

582;542

583;531

584;549

585;481

586;512

587;506

588;492

589;662

590;537

591;546

592;516

593;507

594;476

595;505

596;501

597;578

598;504

599;541

600;532

601;561

602;548

603;531

604;502

605;732

606;622

607;530

608;543

609;513

610;554

611;499

612;460

613;506

614;566

615;583

616;504

617;562

618;527

619;550

620;518

621;499

622;520

623;516

624;522

625;522

626;559

627;499

628;523

629;500

630;555

631;477

632;569

633;502

634;528

635;451

636;531

637;526

638;575

639;523

640;585

641;542

642;553

643;520

644;454

645;538

646;524

647;640

648;544

649;521

650;505

651;500

652;492

653;495

654;516

655;646

656;778

657;1096

658;478

659;492

660;551

661;534

662;547

663;474

664;494

665;519

666;502

667;526

668;522

669;561

670;507

671;543

672;486

673;522

674;524

675;531

676;540

677;620

678;459

679;507

680;532

681;520

682;493

683;538

684;464

685;490

686;487

687;496

688;478

689;493

690;485

691;547

692;461

693;580

694;498

695;492

696;504

697;530

698;493

699;678

700;512

701;487

702;524

703;539

704;519

705;518

706;506

707;540

708;554

709;569

710;519

711;514

712;544

713;572

714;705

715;500

716;523

717;546

718;503

719;540

720;517

721;508

722;504

723;514

724;456

725;522

726;552

727;606

728;573

729;537

730;509

731;519

732;499

733;540

734;565

735;507

736;582

737;537

738;596

739;562

740;507

741;570

742;514

743;498

744;510

745;497

746;556

747;485

748;510

749;495

750;535

751;525

752;550

753;504

754;534

755;512

756;469

757;581

758;540

759;909

760;535

761;528

762;527

763;522

764;502

765;482

766;572

767;484

768;625

769;501

770;514

771;542

772;478

773;557

774;587

775;533

776;642

777;528

778;479

779;560

780;572

781;559

782;496

783;557

784;544

785;546

786;484

787;470

788;543

789;506

790;1046

791;497

792;611

793;537

794;578

795;532

796;508

797;501

798;566

799;516

800;533

801;562

802;568

803;551

804;521

805;534

806;498

807;476

808;531

809;563

810;542

811;527

812;630

813;514

814;636

815;520

816;502

817;526

818;648

819;518

820;583

821;522

822;650

823;512

824;501

825;534

826;536

827;674

828;562

829;511

830;556

831;533

832;547

833;580

834;580

835;530

836;509

837;499

838;570

839;500

840;516

841;553

842;558

843;518

844;525

845;574

846;499

847;497

848;625

849;569

850;496

851;496

852;594

853;519

854;541

855;522

856;521

857;531

858;515

859;490

860;560

861;556

862;564

863;532

864;503

865;562

866;546

867;784

868;798

869;523

870;547

871;556

872;556

873;476

874;478

875;525

876;502

877;546

878;577

879;507

880;519

881;478

882;517

883;522

884;611

885;496

886;528

887;513

888;653

889;540

890;512

891;473

892;615

893;523

894;521

895;492

896;515

897;546

898;582

899;522

900;533

901;552

902;516

903;526

904;524

905;590

906;560

907;554

908;574

909;583

910;575

911;517

912;530

913;489

914;555

915;483

916;554

917;516

918;522

919;1104

920;544

921;549

922;498

923;552

924;527

925;546

926;498

927;544

928;508

929;538

930;535

931;552

932;598

933;551

934;557

935;550

936;572

937;617

938;564

939;590

940;500

941;1336

942;545

943;532

944;540

945;605

946;553

947;615

948;558

949;534

950;558

951;514

952;512

953;508

954;548

955;633

956;522

957;501

958;609

959;558

960;526

961;542

962;626

963;594

964;486

965;528

966;499

967;722

968;484

969;540

970;538

971;542

972;584

973;562

974;532

975;533

976;546

977;550

978;525

979;517

980;545

981;511

982;529

983;497

984;577

985;639

986;546

987;507

988;505

989;573

990;630

991;511

992;526

993;486

994;530

995;513

996;570

997;625

998;536

999;548

1000;548

1001;544

1002;541

1003;531

1004;564

1005;560

1006;546

1007;540

1008;497

1009;602

1010;522

1011;640

1012;496

1013;506

1014;574

1015;530

1016;578

1017;571

1018;621

1019;503

1020;497

1021;541

1022;530

1023;550

1024;573

1025;618

1026;538

1027;565

1028;486

1029;596

1030;532

1031;549

1032;603

1033;541

1034;558

1035;524

1036;512

1037;555

1038;529

1039;561

1040;537

1041;538

1042;594

1043;559

1044;561

1045;524

1046;596

1047;557

1048;552

1049;528

1050;512

1051;522

1052;514

1053;520

1054;513

1055;512

1056;532

1057;548

1058;526

1059;581

1060;879

1061;532

1062;519

1063;538

1064;549

1065;530

1066;578

1067;554

1068;619

1069;578

1070;585

1071;537

1072;538

1073;531

1074;509

1075;523

1076;554

1077;516

1078;550

1079;517

1080;550

1081;916

1082;668

1083;531

1084;538

1085;519

1086;547

1087;562

1088;545

1089;558

1090;565

1091;655

1092;616

1093;624

1094;548

1095;599

1096;624

1097;621

1098;582

1099;583

1100;565

1101;587

1102;564

1103;558

1104;649

1105;602

1106;572

1107;584

1108;632

1109;582

1110;608

1111;964

1112;666

1113;597

1114;574

1115;612

1116;642

1117;601

1118;572

1119;604

1120;606

1121;637

1122;589

1123;637

1124;601

1125;644

1126;673

1127;652

1128;571

1129;597

1130;680

1131;662

1132;650

1133;638

1134;666

1135;652

1136;632

1137;677

1138;654

1139;640

1140;661

1141;666

1142;682

1143;704

1144;673

1145;856

1146;711

1147;696

1148;654

1149;686

1150;702

1151;748

1152;627

1153;626

1154;761

1155;662

1156;656

1157;618

1158;602

1159;614

1160;606

1161;663

1162;634

1163;661

1164;624

1165;678

1166;618

1167;636

1168;606

1169;627

1170;668

1171;599

1172;649

1173;599

1174;686

1175;611

1176;634

1177;634

1178;627

1179;613

1180;597

1181;582

1182;587

1183;664

1184;662

1185;610

1186;558

1187;636

1188;663

1189;650

1190;580

1191;584

1192;620

1193;607

1194;616

1195;662

1196;644

1197;664

1198;608

1199;649

1200;612

1201;692

1202;608

1203;639

1204;696

1205;576

1206;717

1207;588

1208;737

1209;624

1210;822

1211;616

1212;620

1213;604

1214;609

1215;729

1216;568

1217;616

1218;573

1219;572

1220;588

1221;624

1222;579

1223;759

1224;638

1225;578

1226;673

1227;579

1228;632

1229;697

1230;643

1231;598

1232;615

1233;594

1234;610

1235;706

1236;630

1237;631

1238;622

1239;648

1240;664

1241;683

1242;694

1243;644

1244;662

1245;664

1246;737

1247;742

1248;717

1249;778

1250;756

1251;802

1252;808

1253;820

1254;831

1255;846

1256;891

1257;857

1258;848

1259;863

1260;830

1261;851

1262;897

1263;861

1264;946

1265;852

1266;850

1267;879

1268;784

1269;792

1270;711

1271;822

1272;768

1273;734

1274;678

1275;770

1276;676

1277;719

1278;746

1279;653

1280;704

1281;703

1282;799

1283;613

1284;650

1285;633

1286;712

1287;680

1288;622

1289;670

1290;687

1291;686

1292;707

1293;699

1294;723

1295;685

1296;638

1297;649

1298;649

1299;764

1300;689

1301;712

1302;687

1303;678

1304;680

1305;742

1306;741

1307;707

1308;680

1309;710

1310;682

1311;678

1312;869

1313;701

1314;700

1315;706

1316;736

1317;705

1318;731

1319;752

1320;710

1321;708

1322;722

1323;741

1324;737

1325;681

1326;714

1327;724

1328;725

1329;706

1330;729

1331;748

1332;812

1333;797

1334;753

1335;788

1336;817

1337;922

1338;794

1339;852

1340;1250

1341;856

1342;764

1343;847

1344;765

1345;712

1346;708

1347;754

1348;769

1349;762

1350;786

1351;848

1352;679

1353;759

1354;736

1355;730

1356;783

1357;779

1358;752

1359;701

1360;772

1361;789

1362;698

1363;722

1364;796

1365;724

1366;778

1367;738

1368;725

1369;715

1370;701

1371;732

1372;759

1373;675

1374;662

1375;675

1376;721

1377;796

1378;676

1379;781

1380;698

1381;648

1382;700

1383;709

1384;656

1385;718

1386;706

1387;677

1388;673

1389;709

1390;657

1391;678

1392;666

1393;678

1394;685

1395;690

1396;846

1397;776

1398;693

1399;746

1400;755

1401;689

1402;722

1403;733

1404;662

1405;681

1406;736

1407;702

1408;890

1409;697

1410;726

1411;701

1412;788

1413;744

1414;708

1415;715

1416;728

1417;718

1418;772

1419;722

1420;1407

1421;708

1422;727

1423;711

1424;719

1425;721

1426;788

1427;891

1428;879

1429;778

1430;814

1431;840

1432;832

1433;799

1434;901

1435;751

1436;813

1437;1118

1438;796

1439;808

1440;766

1441;786

1442;790

1443;866

1444;781

1445;885

1446;784

1447;788

1448;803

1449;812

1450;914

1451;859

1452;826

1453;836

1454;888

1455;817

1456;784

1457;786

1458;806

1459;827

1460;927

1461;835

1462;825

1463;799

1464;755

1465;786

1466;862

1467;763

1468;778

1469;770

1470;774

1471;758

1472;736

1473;764

1474;751

1475;772

1476;790

1477;735

1478;961

1479;728

1480;824

1481;764

1482;761

1483;740

1484;796

1485;708

1486;759

1487;773

1488;791

1489;790

1490;729

1491;781

1492;718

1493;764

1494;754

1495;773

1496;791

1497;727

1498;736

1499;784

1500;721

1501;786

1502;736

1503;816

1504;766

1505;756

1506;732

1507;799

1508;719

1509;708

1510;731

1511;744

1512;822

1513;719

1514;731

1515;796

1516;752

1517;784

1518;747

1519;796

1520;776

1521;1734

1522;807

1523;810

1524;829

1525;736

1526;808

1527;730

1528;740

1529;725

1530;786

1531;936

1532;756

1533;789

1534;778

1535;798

1536;845

1537;772

1538;778

1539;849

1540;753

1541;753

1542;781

1543;779

1544;777

1545;839

1546;796

1547;816

1548;819

1549;804

1550;858

1551;854

1552;797

1553;777

1554;898

1555;823

1556;788

1557;1242

1558;800

1559;768

1560;796

1561;850

1562;767

1563;828

1564;836

1565;841

1566;822

1567;778

1568;838

1569;789

1570;855

1571;824

1572;815

1573;847

1574;810

1575;860

1576;824

1577;832

1578;877

1579;818

1580;813

1581;822

1582;1937

1583;847

1584;760

1585;758

1586;752

1587;770

1588;917

1589;756

1590;798

1591;789

1592;708

1593;801

1594;764

1595;800

1596;736

1597;781

1598;802

1599;841

1600;814

1601;722

1602;755

1603;808

1604;754

1605;822

1606;857

1607;796

1608;764

1609;751

1610;726

1611;838

1612;814

1613;729

1614;803

1615;1011

1616;757

1617;754

1618;758

1619;944

1620;767

1621;795

1622;807

1623;769

1624;742

1625;756

1626;779

1627;751

1628;968

1629;795

1630;843

1631;786

1632;736

1633;776

1634;802

1635;956

1636;709

1637;778

1638;805

1639;756

1640;825

1641;722

1642;719

1643;833

1644;786

1645;822

1646;773

1647;788

1648;764

1649;800

1650;802

1651;849

1652;854

1653;789

1654;826

1655;844

1656;783

1657;842

1658;812

1659;752

1660;849

1661;774

1662;875

1663;808

1664;814

1665;1050

1666;793

1667;818

1668;865

1669;801

1670;962

1671;865

1672;865

1673;851

1674;1097

1675;879

1676;857

1677;852

1678;854

1679;802

1680;876

1681;866

1682;942

1683;936

1684;874

1685;865

1686;835

1687;830

1688;820

1689;872

1690;844

1691;887

1692;824

1693;1025

1694;886

1695;1000

1696;915

1697;908

1698;1124

1699;1155

1700;866

1701;842

1702;893

1703;866

1704;900

1705;872

1706;872

1707;921

1708;888

1709;884

1710;878

1711;914

1712;929

1713;953

1714;894

1715;927

1716;972

1717;1062

1718;978

1719;958

1720;966

1721;1014

1722;997

1723;1082

1724;985

1725;969

1726;952

1727;965

1728;1062

1729;1158

1730;1268

1731;1011

1732;1080

1733;1093

1734;1066

1735;993

1736;1102

1737;1058

1738;1107

1739;1084

1740;1079

1741;1124

1742;1144

1743;1194

1744;1057

1745;1144

1746;1167

1747;1069

1748;1106

1749;1101

1750;1136

1751;1220

1752;1108

1753;1188

1754;1156

1755;1078

1756;1238

1757;1157

1758;1170

1759;1124

1760;1142

1761;1162

1762;1117

1763;1102

1764;1162

1765;1176

1766;1179

1767;1150

1768;1138

1769;1092

1770;1114

1771;1082

1772;1156

1773;1754

1774;1104

1775;1122

1776;1066

1777;1311

1778;1108

1779;1178

1780;1048

1781;1132

1782;1119

1783;1121

1784;1112

1785;1139

1786;1358

1787;1163

1788;1169

1789;1201

1790;1247

1791;1180

1792;1199

1793;1197

1794;1187

1795;1126

1796;1116

1797;1079

1798;1164

1799;1119

1800;1100

1801;1124

1802;1094

1803;1084

1804;1125

1805;1102

1806;1077

1807;1260

1808;1135

1809;1124

1810;1166

1811;1233

1812;1102

1813;1165

1814;1164

1815;1122

1816;1138

1817;1103

1818;1182

1819;1161

1820;1246

1821;1188

1822;1198

1823;1251

1824;1172

1825;1352

1826;1244

1827;1253

1828;1207

1829;1336

1830;1287

1831;1245

1832;1294

1833;1314

1834;1343

1835;1318

1836;1368

1837;1444

1838;1375

1839;1402

1840;1417

1841;1460

1842;1441

1843;1452

1844;1473

1845;1706

1846;1565

1847;1479

1848;1492

1849;1541

1850;1618

1851;1607

1852;1574

1853;1654

1854;1690

1855;1660

1856;1744

1857;1724

1858;1779

1859;1782

1860;1827

1861;1790

1862;1880

1863;1871

1864;1886

1865;1970

1866;1966

1867;1998

1868;2044

1869;2002

1870;2081

1871;2066

1872;2106

1873;2172

1874;2288

1875;2261

1876;2242

1877;2249

1878;2208

1879;2287

1880;2343

1881;2539

1882;2449

1883;2408

1884;2423

1885;2531

1886;2696

1887;2770

1888;2698

1889;2790

1890;2794

1891;2714

1892;2602

1893;2417

1894;2288

1895;1841

1896;1452

1897;1087

1898;912

1899;788

1900;712

1901;696

1902;657

1903;694

1904;644

1905;670

1906;629

1907;612

1908;625

1909;657

1910;631

1911;628

1912;717

1913;703

1914;704

1915;696

1916;776

1917;678

1918;790

1919;738

1920;784

1921;789

1922;734

1923;884

1924;797

1925;838

1926;841

1927;926

1928;1090

1929;1052

1930;1093

1931;1207

1932;1306

1933;1455

1934;1766

1935;2725

1936;11048

1937;65535

1938;65535

1939;65535

1940;65535

1941;65535

1942;31013

1943;6842

1944;2590

1945;1875

1946;1508

1947;1288

1948;1107

1949;1182

1950;1021

1951;945

1952;888

1953;862

1954;827

1955;905

1956;814

1957;825

1958;720

1959;692

1960;655

1961;694

1962;676

1963;694

1964;638

1965;659

1966;710

1967;614

1968;687

1969;565

1970;645

1971;634

1972;602

1973;646

1974;607

1975;602

1976;628

1977;662

1978;631

1979;580

1980;540

1981;569

1982;639

1983;605

1984;578

1985;607

1986;561

1987;572

1988;560

1989;592

1990;621

1991;584

1992;624

1993;556

1994;560

1995;582

1996;556

1997;552

1998;608

1999;596

2000;714

2001;541

2002;546

2003;528

2004;588

2005;624

2006;563

2007;692

2008;521

2009;599

2010;862

2011;664

2012;761

2013;615

2014;542

2015;632

2016;579

2017;756

2018;564

2019;544

2020;550

2021;559

2022;692

2023;564

2024;554

2025;626

2026;658

2027;522

2028;527

2029;547

2030;641

2031;572

2032;564

2033;517

2034;614

2035;492

2036;548

2037;595

2038;528

2039;508

2040;526

2041;534

2042;544

2043;557

2044;535

2045;631

2046;621

2047;526

