Data
0;460

1;313

2;296

3;294

4;293

5;521

6;546

7;488

8;510

9;535

10;602

11;576

12;530

13;521

14;526

15;600

16;622

17;658

18;580

19;634

20;581

21;533

22;547

23;570

24;534

25;534

26;566

27;684

28;560

29;595

30;544

31;556

32;556

33;578

34;705

35;572

36;618

37;662

38;618

39;602

40;576

41;562

42;564

43;579

44;600

45;556

46;692

47;634

48;671

49;564

50;1046

51;636

52;595

53;632

54;604

55;597

56;602

57;637

58;601

59;584

60;574

61;650

62;732

63;643

64;642

65;642

66;625

67;628

68;605

69;628

70;689

71;694

72;626

73;604

74;576

75;587

76;582

77;651

78;564

79;611

80;574

81;572

82;618

83;650

84;549

85;689

86;594

87;658

88;591

89;622

90;647

91;556

92;553

93;569

94;586

95;559

96;598

97;584

98;562

99;636

100;590

101;621

102;682

103;614

104;564

105;618

106;577

107;615

108;558

109;581

110;587

111;690

112;644

113;601

114;619

115;651

116;586

117;606

118;563

119;575

120;567

121;621

122;578

123;674

124;539

125;604

126;668

127;598

128;608

129;608

130;726

131;544

132;537

133;592

134;523

135;653

136;555

137;565

138;571

139;582

140;623

141;572

142;612

143;538

144;524

145;599

146;585

147;653

148;576

149;547

150;642

151;594

152;720

153;508

154;551

155;576

156;563

157;513

158;584

159;633

160;564

161;540

162;593

163;616

164;561

165;579

166;592

167;644

168;583

169;594

170;588

171;494

172;681

173;625

174;577

175;596

176;581

177;600

178;580

179;565

180;520

181;576

182;547

183;592

184;524

185;588

186;604

187;545

188;648

189;555

190;538

191;582

192;586

193;514

194;730

195;592

196;574

197;588

198;572

199;528

200;549

201;593

202;614

203;539

204;579

205;554

206;613

207;565

208;564

209;585

210;561

211;548

212;548

213;540

214;836

215;516

216;630

217;537

218;592

219;628

220;564

221;538

222;575

223;622

224;577

225;597

226;607

227;600

228;629

229;599

230;612

231;550

232;546

233;502

234;652

235;675

236;570

237;554

238;568

239;612

240;562

241;551

242;606

243;542

244;578

245;694

246;566

247;621

248;589

249;578

250;552

251;611

252;608

253;582

254;563

255;578

256;624

257;604

258;596

259;594

260;578

261;619

262;594

263;643

264;644

265;648

266;598

267;624

268;597

269;628

270;616

271;662

272;646

273;742

274;678

275;709

276;627

277;737

278;755

279;666

280;708

281;756

282;724

283;639

284;692

285;681

286;692

287;665

288;648

289;839

290;655

291;688

292;692

293;1845

294;634

295;686

296;696

297;611

298;622

299;691

300;690

301;675

302;733

303;657

304;670

305;685

306;744

307;678

308;735

309;849

310;714

311;701

312;680

313;716

314;789

315;1541

316;680

317;677

318;687

319;756

320;706

321;724

322;734

323;722

324;683

325;686

326;668

327;672

328;677

329;680

330;723

331;672

332;656

333;692

334;672

335;673

336;646

337;622

338;654

339;612

340;690

341;661

342;672

343;663

344;663

345;647

346;637

347;713

348;645

349;660

350;635

351;827

352;658

353;646

354;798

355;601

356;716

357;693

358;698

359;576

360;594

361;605

362;550

363;581

364;569

365;645

366;634

367;546

368;512

369;646

370;544

371;585

372;593

373;560

374;544

375;541

376;514

377;567

378;518

379;542

380;517

381;529

382;516

383;533

384;598

385;554

386;527

387;526

388;617

389;542

390;525

391;518

392;510

393;500

394;558

395;508

396;517

397;631

398;493

399;576

400;526

401;558

402;498

403;547

404;563

405;542

406;507

407;560

408;531

409;526

410;501

411;538

412;549

413;557

414;496

415;508

416;558

417;537

418;567

419;551

420;559

421;515

422;541

423;565

424;524

425;574

426;532

427;564

428;486

429;611

430;550

431;520

432;644

433;520

434;513

435;487

436;572

437;514

438;618

439;504

440;502

441;564

442;534

443;580

444;550

445;560

446;531

447;526

448;661

449;696

450;569

451;536

452;556

453;582

454;548

455;522

456;594

457;499

458;564

459;515

460;561

461;556

462;473

463;546

464;606

465;470

466;535

467;539

468;518

469;481

470;570

471;518

472;581

473;499

474;556

475;508

476;479

477;576

478;489

479;538

480;526

481;542

482;563

483;523

484;562

485;626

486;524

487;592

488;531

489;511

490;492

491;498

492;640

493;571

494;747

495;491

496;554

497;566

498;539

499;533

500;518

501;557

502;539

503;570

504;517

505;500

506;498

507;518

508;529

509;510

510;540

511;557

512;506

513;474

514;516

515;529

516;535

517;495

518;514

519;523

520;568

521;540

522;475

523;506

524;588

525;498

526;528

527;516

528;517

529;518

530;540

531;522

532;490

533;518

534;484

535;521

536;520

537;573

538;568

539;560

540;540

541;575

542;576

543;484

544;594

545;478

546;654

547;530

548;478

549;518

550;616

551;522

552;551

553;499

554;519

555;512

556;467

557;510

558;558

559;562

560;534

561;478

562;457

563;532

564;600

565;527

566;467

567;517

568;623

569;548

570;476

571;558

572;501

573;526

574;518

575;478

576;518

577;528

578;556

579;500

580;512

581;522

582;539

583;524

584;541

585;493

586;530

587;534

588;494

589;674

590;543

591;552

592;535

593;502

594;484

595;506

596;491

597;566

598;511

599;532

600;515

601;560

602;546

603;532

604;501

605;718

606;625

607;524

608;577

609;496

610;528

611;486

612;452

613;530

614;581

615;570

616;502

617;582

618;517

619;547

620;514

621;518

622;534

623;508

624;538

625;507

626;552

627;485

628;536

629;504

630;551

631;488

632;550

633;480

634;537

635;455

636;540

637;529

638;588

639;522

640;582

641;544

642;551

643;509

644;471

645;547

646;513

647;641

648;531

649;500

650;514

651;519

652;498

653;515

654;500

655;630

656;766

657;1082

658;468

659;510

660;546

661;531

662;549

663;477

664;481

665;530

666;495

667;529

668;513

669;569

670;519

671;542

672;466

673;536

674;528

675;539

676;537

677;607

678;458

679;517

680;533

681;519

682;502

683;522

684;464

685;495

686;479

687;501

688;489

689;505

690;475

691;550

692;465

693;592

694;514

695;523

696;516

697;496

698;497

699;682

700;508

701;482

702;511

703;546

704;529

705;526

706;486

707;546

708;541

709;576

710;542

711;512

712;558

713;555

714;721

715;484

716;528

717;532

718;504

719;547

720;510

721;510

722;527

723;512

724;468

725;538

726;540

727;611

728;562

729;560

730;525

731;522

732;520

733;539

734;556

735;518

736;550

737;540

738;578

739;566

740;503

741;568

742;506

743;488

744;501

745;480

746;570

747;490

748;505

749;488

750;534

751;521

752;542

753;506

754;547

755;508

756;484

757;564

758;543

759;905

760;568

761;528

762;550

763;498

764;532

765;476

766;592

767;505

768;634

769;504

770;515

771;543

772;460

773;552

774;597

775;546

776;669

777;536

778;476

779;546

780;590

781;582

782;497

783;550

784;526

785;548

786;510

787;485

788;537

789;513

790;1045

791;506

792;604

793;520

794;558

795;538

796;508

797;504

798;545

799;519

800;528

801;584

802;578

803;557

804;504

805;524

806;488

807;477

808;543

809;542

810;544

811;516

812;639

813;504

814;615

815;502

816;508

817;542

818;644

819;506

820;578

821;520

822;648

823;522

824;506

825;544

826;536

827;653

828;559

829;500

830;562

831;547

832;541

833;591

834;574

835;564

836;533

837;508

838;553

839;497

840;530

841;564

842;547

843;528

844;512

845;581

846;514

847;501

848;656

849;602

850;494

851;518

852;584

853;540

854;557

855;542

856;518

857;515

858;529

859;484

860;563

861;532

862;590

863;548

864;512

865;543

866;528

867;804

868;776

869;518

870;553

871;563

872;546

873;498

874;490

875;508

876;501

877;548

878;584

879;500

880;520

881;493

882;523

883;515

884;606

885;487

886;530

887;498

888;661

889;526

890;514

891;494

892;598

893;530

894;513

895;486

896;530

897;545

898;574

899;509

900;536

901;550

902;516

903;516

904;512

905;583

906;563

907;550

908;581

909;567

910;580

911;509

912;519

913;482

914;518

915;477

916;556

917;536

918;514

919;1146

920;563

921;540

922;491

923;547

924;532

925;559

926;514

927;559

928;521

929;551

930;571

931;544

932;600

933;554

934;556

935;562

936;563

937;602

938;572

939;566

940;514

941;1361

942;561

943;529

944;531

945;599

946;552

947;629

948;561

949;557

950;548

951;506

952;507

953;514

954;541

955;650

956;546

957;503

958;617

959;542

960;530

961;555

962;628

963;588

964;490

965;528

966;521

967;704

968;470

969;530

970;512

971;542

972;568

973;543

974;552

975;518

976;553

977;567

978;530

979;522

980;548

981;515

982;534

983;497

984;575

985;640

986;554

987;493

988;506

989;574

990;625

991;518

992;540

993;515

994;536

995;540

996;598

997;627

998;544

999;548

1000;548

1001;556

1002;525

1003;538

1004;596

1005;547

1006;554

1007;517

1008;515

1009;608

1010;521

1011;656

1012;506

1013;527

1014;590

1015;543

1016;593

1017;565

1018;605

1019;499

1020;526

1021;518

1022;530

1023;571

1024;558

1025;612

1026;563

1027;554

1028;492

1029;604

1030;528

1031;563

1032;611

1033;554

1034;551

1035;538

1036;494

1037;557

1038;523

1039;578

1040;550

1041;539

1042;586

1043;564

1044;566

1045;537

1046;591

1047;547

1048;546

1049;523

1050;522

1051;530

1052;516

1053;536

1054;513

1055;514

1056;524

1057;563

1058;530

1059;582

1060;895

1061;526

1062;519

1063;566

1064;562

1065;557

1066;554

1067;566

1068;623

1069;585

1070;609

1071;531

1072;540

1073;553

1074;534

1075;540

1076;572

1077;530

1078;566

1079;525

1080;557

1081;925

1082;673

1083;526

1084;544

1085;517

1086;542

1087;583

1088;560

1089;565

1090;554

1091;668

1092;628

1093;636

1094;545

1095;604

1096;610

1097;610

1098;573

1099;582

1100;558

1101;572

1102;556

1103;564

1104;655

1105;616

1106;580

1107;586

1108;630

1109;603

1110;624

1111;956

1112;660

1113;586

1114;553

1115;592

1116;644

1117;601

1118;581

1119;608

1120;624

1121;646

1122;588

1123;634

1124;579

1125;660

1126;660

1127;654

1128;608

1129;598

1130;648

1131;693

1132;633

1133;636

1134;671

1135;651

1136;637

1137;677

1138;657

1139;646

1140;671

1141;680

1142;696

1143;705

1144;684

1145;869

1146;714

1147;683

1148;672

1149;688

1150;714

1151;743

1152;631

1153;656

1154;791

1155;663

1156;649

1157;622

1158;622

1159;612

1160;612

1161;641

1162;643

1163;642

1164;639

1165;705

1166;636

1167;637

1168;603

1169;622

1170;681

1171;624

1172;675

1173;602

1174;652

1175;596

1176;662

1177;634

1178;599

1179;616

1180;599

1181;601

1182;578

1183;663

1184;668

1185;612

1186;552

1187;619

1188;661

1189;613

1190;598

1191;565

1192;629

1193;598

1194;624

1195;688

1196;648

1197;656

1198;604

1199;638

1200;612

1201;713

1202;598

1203;643

1204;686

1205;594

1206;717

1207;592

1208;711

1209;633

1210;830

1211;617

1212;616

1213;579

1214;597

1215;738

1216;571

1217;591

1218;577

1219;575

1220;596

1221;638

1222;618

1223;753

1224;645

1225;588

1226;691

1227;594

1228;627

1229;685

1230;646

1231;591

1232;610

1233;603

1234;622

1235;716

1236;624

1237;613

1238;624

1239;659

1240;686

1241;682

1242;696

1243;645

1244;676

1245;676

1246;720

1247;769

1248;721

1249;773

1250;788

1251;780

1252;808

1253;807

1254;826

1255;865

1256;880

1257;846

1258;868

1259;899

1260;841

1261;866

1262;878

1263;884

1264;960

1265;865

1266;865

1267;860

1268;782

1269;762

1270;720

1271;841

1272;764

1273;753

1274;680

1275;783

1276;686

1277;711

1278;754

1279;659

1280;701

1281;687

1282;819

1283;629

1284;664

1285;630

1286;707

1287;695

1288;601

1289;665

1290;698

1291;656

1292;738

1293;718

1294;722

1295;703

1296;640

1297;678

1298;646

1299;773

1300;660

1301;704

1302;696

1303;715

1304;663

1305;754

1306;765

1307;704

1308;676

1309;714

1310;687

1311;672

1312;882

1313;712

1314;678

1315;747

1316;747

1317;710

1318;727

1319;765

1320;720

1321;722

1322;718

1323;746

1324;737

1325;726

1326;725

1327;725

1328;716

1329;731

1330;752

1331;750

1332;834

1333;799

1334;773

1335;816

1336;802

1337;939

1338;780

1339;842

1340;1249

1341;837

1342;785

1343;848

1344;761

1345;700

1346;724

1347;733

1348;776

1349;762

1350;802

1351;834

1352;700

1353;751

1354;747

1355;751

1356;792

1357;760

1358;752

1359;698

1360;777

1361;790

1362;692

1363;748

1364;794

1365;723

1366;782

1367;756

1368;726

1369;693

1370;698

1371;767

1372;759

1373;689

1374;678

1375;691

1376;723

1377;787

1378;667

1379;772

1380;676

1381;643

1382;689

1383;728

1384;665

1385;686

1386;718

1387;667

1388;682

1389;706

1390;677

1391;683

1392;666

1393;688

1394;671

1395;690

1396;876

1397;773

1398;696

1399;752

1400;790

1401;686

1402;731

1403;731

1404;674

1405;679

1406;720

1407;688

1408;887

1409;685

1410;751

1411;705

1412;824

1413;729

1414;734

1415;718

1416;723

1417;767

1418;763

1419;728

1420;1302

1421;716

1422;744

1423;702

1424;729

1425;723

1426;783

1427;879

1428;882

1429;798

1430;796

1431;862

1432;817

1433;793

1434;924

1435;757

1436;753

1437;719

1438;774

1439;796

1440;771

1441;797

1442;784

1443;871

1444;775

1445;866

1446;796

1447;818

1448;796

1449;845

1450;920

1451;861

1452;851

1453;847

1454;871

1455;823

1456;808

1457;798

1458;838

1459;823

1460;962

1461;830

1462;835

1463;803

1464;759

1465;776

1466;846

1467;764

1468;774

1469;764

1470;784

1471;772

1472;770

1473;784

1474;784

1475;776

1476;818

1477;743

1478;961

1479;743

1480;812

1481;738

1482;775

1483;758

1484;817

1485;716

1486;752

1487;737

1488;780

1489;767

1490;760

1491;782

1492;758

1493;759

1494;754

1495;764

1496;796

1497;748

1498;740

1499;803

1500;746

1501;800

1502;749

1503;817

1504;764

1505;737

1506;763

1507;772

1508;762

1509;743

1510;758

1511;758

1512;818

1513;746

1514;754

1515;806

1516;758

1517;800

1518;770

1519;806

1520;806

1521;1769

1522;810

1523;784

1524;828

1525;724

1526;812

1527;749

1528;757

1529;754

1530;804

1531;951

1532;771

1533;796

1534;788

1535;803

1536;834

1537;775

1538;799

1539;858

1540;748

1541;770

1542;800

1543;804

1544;774

1545;828

1546;808

1547;802

1548;829

1549;799

1550;870

1551;848

1552;826

1553;800

1554;881

1555;824

1556;788

1557;1253

1558;780

1559;766

1560;796

1561;848

1562;787

1563;818

1564;858

1565;877

1566;808

1567;774

1568;858

1569;785

1570;852

1571;834

1572;830

1573;851

1574;826

1575;876

1576;818

1577;827

1578;892

1579;799

1580;812

1581;811

1582;1946

1583;885

1584;775

1585;766

1586;762

1587;784

1588;898

1589;810

1590;826

1591;787

1592;721

1593;827

1594;742

1595;781

1596;729

1597;780

1598;791

1599;847

1600;812

1601;779

1602;776

1603;818

1604;745

1605;835

1606;869

1607;813

1608;772

1609;758

1610;766

1611;843

1612;843

1613;723

1614;822

1615;1034

1616;763

1617;774

1618;766

1619;950

1620;785

1621;796

1622;794

1623;778

1624;766

1625;757

1626;798

1627;750

1628;958

1629;796

1630;837

1631;825

1632;722

1633;798

1634;801

1635;961

1636;727

1637;801

1638;845

1639;779

1640;822

1641;765

1642;727

1643;844

1644;811

1645;832

1646;765

1647;838

1648;789

1649;836

1650;807

1651;893

1652;839

1653;801

1654;821

1655;852

1656;803

1657;876

1658;842

1659;790

1660;857

1661;794

1662;888

1663;827

1664;847

1665;1054

1666;779

1667;825

1668;898

1669;812

1670;965

1671;898

1672;885

1673;850

1674;1150

1675;871

1676;887

1677;876

1678;847

1679;818

1680;894

1681;855

1682;921

1683;904

1684;861

1685;883

1686;842

1687;867

1688;831

1689;864

1690;872

1691;917

1692;869

1693;1052

1694;918

1695;984

1696;946

1697;939

1698;1134

1699;1166

1700;880

1701;870

1702;933

1703;888

1704;907

1705;862

1706;896

1707;918

1708;908

1709;939

1710;884

1711;905

1712;907

1713;952

1714;912

1715;950

1716;980

1717;1058

1718;965

1719;955

1720;989

1721;1026

1722;1024

1723;1067

1724;980

1725;986

1726;984

1727;992

1728;1081

1729;1123

1730;1260

1731;1040

1732;1104

1733;1102

1734;1101

1735;1023

1736;1118

1737;1078

1738;1140

1739;1098

1740;1097

1741;1128

1742;1152

1743;1185

1744;1093

1745;1180

1746;1148

1747;1129

1748;1160

1749;1152

1750;1158

1751;1213

1752;1116

1753;1214

1754;1170

1755;1081

1756;1255

1757;1198

1758;1202

1759;1130

1760;1183

1761;1214

1762;1110

1763;1122

1764;1154

1765;1200

1766;1219

1767;1154

1768;1144

1769;1087

1770;1122

1771;1100

1772;1171

1773;1759

1774;1102

1775;1165

1776;1090

1777;1338

1778;1143

1779;1170

1780;1053

1781;1157

1782;1149

1783;1132

1784;1086

1785;1165

1786;1357

1787;1163

1788;1186

1789;1218

1790;1202

1791;1169

1792;1212

1793;1208

1794;1210

1795;1158

1796;1138

1797;1107

1798;1190

1799;1101

1800;1124

1801;1121

1802;1104

1803;1119

1804;1118

1805;1131

1806;1124

1807;1286

1808;1157

1809;1157

1810;1166

1811;1264

1812;1100

1813;1192

1814;1176

1815;1154

1816;1187

1817;1154

1818;1202

1819;1164

1820;1254

1821;1199

1822;1196

1823;1275

1824;1173

1825;1371

1826;1232

1827;1251

1828;1218

1829;1335

1830;1269

1831;1266

1832;1328

1833;1336

1834;1323

1835;1283

1836;1380

1837;1500

1838;1432

1839;1382

1840;1442

1841;1441

1842;1456

1843;1510

1844;1512

1845;1699

1846;1575

1847;1522

1848;1542

1849;1583

1850;1640

1851;1641

1852;1564

1853;1676

1854;1720

1855;1633

1856;1762

1857;1765

1858;1786

1859;1836

1860;1909

1861;1761

1862;1894

1863;1908

1864;1899

1865;1940

1866;1909

1867;1940

1868;2026

1869;2111

1870;2094

1871;2148

1872;2081

1873;2185

1874;2300

1875;2266

1876;2254

1877;2291

1878;2233

1879;2264

1880;2325

1881;2499

1882;2413

1883;2402

1884;2486

1885;2588

1886;2692

1887;2794

1888;2747

1889;2791

1890;2812

1891;2761

1892;2576

1893;2397

1894;2274

1895;1854

1896;1459

1897;1056

1898;900

1899;791

1900;672

1901;674

1902;668

1903;678

1904;636

1905;686

1906;653

1907;602

1908;621

1909;668

1910;629

1911;619

1912;694

1913;698

1914;686

1915;725

1916;770

1917;694

1918;780

1919;725

1920;770

1921;780

1922;750

1923;875

1924;772

1925;838

1926;849

1927;907

1928;1086

1929;1073

1930;1094

1931;1230

1932;1316

1933;1467

1934;1767

1935;2705

1936;11058

1937;65535

1938;65535

1939;65535

1940;65535

1941;65535

1942;31029

1943;6860

1944;2550

1945;1866

1946;1522

1947;1307

1948;1121

1949;1194

1950;1006

1951;897

1952;901

1953;876

1954;826

1955;908

1956;826

1957;840

1958;756

1959;691

1960;646

1961;697

1962;672

1963;673

1964;628

1965;649

1966;682

1967;599

1968;684

1969;570

1970;665

1971;634

1972;606

1973;628

1974;611

1975;583

1976;636

1977;683

1978;618

1979;590

1980;548

1981;579

1982;635

1983;611

1984;576

1985;588

1986;567

1987;559

1988;556

1989;578

1990;631

1991;576

1992;658

1993;556

1994;543

1995;592

1996;576

1997;544

1998;602

1999;597

2000;712

2001;558

2002;528

2003;536

2004;615

2005;635

2006;534

2007;683

2008;520

2009;603

2010;860

2011;690

2012;756

2013;595

2014;540

2015;656

2016;598

2017;764

2018;562

2019;554

2020;556

2021;615

2022;690

2023;578

2024;572

2025;617

2026;669

2027;523

2028;524

2029;547

2030;643

2031;577

2032;565

2033;543

2034;639

2035;494

2036;559

2037;583

2038;525

2039;510

2040;528

2041;520

2042;536

2043;559

2044;536

2045;622

2046;630

2047;527

