Data
0;453

1;314

2;299

3;298

4;295

5;559

6;588

7;536

8;549

9;568

10;634

11;619

12;563

13;564

14;599

15;631

16;690

17;699

18;640

19;688

20;610

21;598

22;625

23;634

24;572

25;623

26;613

27;728

28;618

29;678

30;616

31;623

32;608

33;681

34;765

35;668

36;681

37;743

38;692

39;664

40;634

41;631

42;638

43;644

44;676

45;631

46;763

47;712

48;748

49;660

50;1146

51;736

52;672

53;728

54;681

55;671

56;682

57;696

58;689

59;673

60;651

61;738

62;802

63;725

64;741

65;676

66;720

67;704

68;682

69;695

70;777

71;808

72;713

73;705

74;649

75;671

76;660

77;726

78;658

79;680

80;667

81;661

82;688

83;707

84;647

85;770

86;658

87;738

88;680

89;692

90;721

91;638

92;641

93;665

94;677

95;648

96;684

97;639

98;631

99;730

100;653

101;686

102;712

103;673

104;626

105;712

106;647

107;668

108;631

109;647

110;686

111;756

112;706

113;647

114;685

115;720

116;658

117;695

118;641

119;636

120;647

121;668

122;642

123;740

124;622

125;684

126;750

127;648

128;671

129;652

130;794

131;599

132;585

133;625

134;583

135;696

136;642

137;617

138;647

139;649

140;693

141;636

142;685

143;598

144;581

145;656

146;634

147;698

148;637

149;607

150;683

151;658

152;762

153;566

154;636

155;629

156;624

157;574

158;641

159;683

160;640

161;592

162;654

163;658

164;628

165;650

166;639

167;713

168;630

169;670

170;648

171;543

172;748

173;656

174;625

175;650

176;626

177;642

178;638

179;604

180;568

181;605

182;611

183;628

184;589

185;669

186;666

187;591

188;699

189;617

190;590

191;648

192;639

193;566

194;802

195;645

196;617

197;630

198;619

199;585

200;610

201;627

202;666

203;580

204;622

205;630

206;669

207;613

208;619

209;631

210;604

211;582

212;607

213;579

214;857

215;576

216;680

217;590

218;655

219;689

220;608

221;609

222;628

223;690

224;639

225;646

226;665

227;658

228;688

229;667

230;683

231;604

232;617

233;570

234;723

235;729

236;641

237;610

238;658

239;684

240;622

241;650

242;649

243;605

244;686

245;763

246;663

247;716

248;674

249;667

250;644

251;700

252;700

253;692

254;669

255;702

256;718

257;732

258;708

259;729

260;693

261;756

262;720

263;764

264;794

265;797

266;755

267;750

268;776

269;774

270;758

271;844

272;820

273;894

274;892

275;872

276;802

277;911

278;952

279;890

280;889

281;960

282;933

283;882

284;937

285;935

286;913

287;920

288;901

289;1047

290;893

291;942

292;918

293;2102

294;898

295;896

296;922

297;866

298;855

299;937

300;936

301;954

302;998

303;908

304;946

305;941

306;981

307;926

308;973

309;1096

310;971

311;953

312;920

313;974

314;1059

315;1820

316;938

317;966

318;912

319;1017

320;960

321;985

322;1011

323;1006

324;938

325;978

326;954

327;916

328;969

329;935

330;986

331;962

332;934

333;971

334;944

335;916

336;898

337;872

338;885

339;842

340;915

341;881

342;924

343;914

344;915

345;872

346;880

347;962

348;871

349;902

350;904

351;1046

352;917

353;894

354;1023

355;798

356;911

357;839

358;838

359;712

360;722

361;690

362;632

363;673

364;644

365;727

366;705

367;622

368;581

369;730

370;602

371;647

372;649

373;611

374;586

375;594

376;558

377;611

378;578

379;583

380;595

381;550

382;582

383;545

384;643

385;586

386;560

387;546

388;665

389;561

390;562

391;541

392;554

393;531

394;589

395;549

396;566

397;670

398;530

399;621

400;559

401;595

402;535

403;560

404;610

405;558

406;524

407;601

408;567

409;554

410;533

411;572

412;567

413;595

414;518

415;552

416;592

417;566

418;607

419;588

420;575

421;566

422;568

423;590

424;560

425;615

426;570

427;582

428;530

429;651

430;563

431;556

432;677

433;546

434;530

435;514

436;608

437;527

438;637

439;543

440;566

441;588

442;558

443;635

444;593

445;603

446;568

447;585

448;706

449;709

450;605

451;561

452;606

453;625

454;593

455;523

456;616

457;531

458;573

459;546

460;572

461;600

462;526

463;578

464;666

465;512

466;552

467;579

468;530

469;515

470;621

471;541

472;613

473;514

474;570

475;540

476;520

477;602

478;519

479;562

480;534

481;572

482;600

483;566

484;579

485;664

486;564

487;620

488;537

489;528

490;502

491;530

492;672

493;613

494;568

495;519

496;581

497;604

498;578

499;566

500;543

501;577

502;552

503;607

504;530

505;536

506;524

507;547

508;546

509;518

510;557

511;584

512;525

513;482

514;562

515;548

516;563

517;512

518;540

519;551

520;568

521;574

522;498

523;540

524;598

525;514

526;564

527;533

528;538

529;546

530;571

531;556

532;515

533;558

534;508

535;539

536;533

537;601

538;570

539;579

540;559

541;592

542;602

543;511

544;604

545;519

546;662

547;566

548;519

549;518

550;617

551;569

552;560

553;520

554;543

555;531

556;493

557;512

558;579

559;574

560;576

561;510

562;490

563;585

564;640

565;548

566;497

567;514

568;645

569;575

570;502

571;580

572;532

573;528

574;553

575;494

576;525

577;530

578;572

579;537

580;540

581;555

582;561

583;540

584;564

585;497

586;550

587;528

588;541

589;701

590;574

591;571

592;544

593;528

594;512

595;532

596;527

597;578

598;522

599;566

600;547

601;572

602;567

603;545

604;502

605;734

606;656

607;545

608;565

609;537

610;555

611;514

612;483

613;529

614;576

615;572

616;518

617;595

618;551

619;579

620;506

621;530

622;546

623;526

624;544

625;551

626;551

627;513

628;546

629;508

630;556

631;514

632;599

633;499

634;566

635;487

636;574

637;550

638;581

639;542

640;611

641;560

642;576

643;535

644;488

645;546

646;564

647;663

648;546

649;527

650;519

651;517

652;518

653;518

654;530

655;669

656;770

657;1136

658;493

659;514

660;570

661;555

662;560

663;493

664;503

665;538

666;521

667;550

668;547

669;589

670;529

671;576

672;499

673;552

674;538

675;570

676;559

677;640

678;491

679;518

680;552

681;538

682;538

683;567

684;492

685;510

686;509

687;522

688;497

689;519

690;499

691;576

692;489

693;610

694;514

695;530

696;532

697;534

698;520

699;702

700;541

701;490

702;554

703;565

704;544

705;547

706;508

707;591

708;554

709;606

710;554

711;546

712;582

713;592

714;757

715;487

716;546

717;552

718;530

719;557

720;534

721;545

722;545

723;546

724;493

725;565

726;566

727;612

728;569

729;558

730;541

731;532

732;528

733;548

734;589

735;540

736;582

737;549

738;621

739;598

740;507

741;608

742;538

743;514

744;536

745;503

746;602

747;520

748;530

749;533

750;551

751;544

752;577

753;529

754;574

755;555

756;508

757;606

758;566

759;938

760;571

761;551

762;554

763;541

764;555

765;531

766;606

767;520

768;652

769;529

770;544

771;558

772;516

773;564

774;629

775;565

776;676

777;552

778;497

779;584

780;608

781;580

782;534

783;581

784;578

785;583

786;552

787;519

788;558

789;548

790;1053

791;536

792;636

793;568

794;594

795;556

796;543

797;552

798;589

799;551

800;566

801;587

802;617

803;576

804;558

805;555

806;534

807;522

808;576

809;572

810;590

811;545

812;685

813;549

814;657

815;550

816;536

817;580

818;667

819;562

820;620

821;562

822;704

823;551

824;550

825;599

826;593

827;702

828;601

829;536

830;586

831;572

832;590

833;654

834;599

835;592

836;553

837;540

838;591

839;530

840;562

841;586

842;588

843;568

844;551

845;598

846;542

847;536

848;670

849;634

850;532

851;558

852;611

853;569

854;579

855;559

856;566

857;570

858;554

859;517

860;595

861;585

862;614

863;563

864;557

865;606

866;567

867;835

868;848

869;558

870;587

871;596

872;594

873;532

874;530

875;542

876;541

877;581

878;606

879;546

880;578

881;530

882;562

883;569

884;664

885;542

886;556

887;550

888;681

889;570

890;551

891;525

892;662

893;560

894;560

895;530

896;558

897;598

898;615

899;562

900;582

901;605

902;554

903;558

904;566

905;618

906;583

907;595

908;631

909;610

910;610

911;567

912;566

913;516

914;566

915;524

916;590

917;555

918;556

919;1163

920;593

921;597

922;547

923;601

924;547

925;595

926;539

927;579

928;562

929;588

930;612

931;574

932;629

933;594

934;609

935;595

936;606

937;621

938;598

939;613

940;556

941;1378

942;588

943;559

944;562

945;624

946;588

947;663

948;583

949;592

950;599

951;545

952;546

953;558

954;591

955;654

956;581

957;558

958;646

959;576

960;578

961;584

962;679

963;632

964;530

965;592

966;541

967;771

968;522

969;567

970;547

971;578

972;604

973;601

974;585

975;562

976;583

977;594

978;553

979;562

980;598

981;571

982;558

983;537

984;617

985;673

986;575

987;535

988;540

989;618

990;693

991;550

992;558

993;544

994;600

995;553

996;640

997;656

998;566

999;590

1000;576

1001;574

1002;566

1003;584

1004;628

1005;599

1006;604

1007;583

1008;560

1009;644

1010;549

1011;695

1012;532

1013;564

1014;636

1015;566

1016;634

1017;628

1018;663

1019;531

1020;548

1021;579

1022;588

1023;591

1024;615

1025;641

1026;577

1027;611

1028;540

1029;622

1030;576

1031;606

1032;646

1033;589

1034;584

1035;576

1036;556

1037;596

1038;570

1039;610

1040;578

1041;563

1042;661

1043;610

1044;609

1045;586

1046;640

1047;598

1048;594

1049;572

1050;559

1051;560

1052;556

1053;576

1054;559

1055;570

1056;576

1057;602

1058;576

1059;626

1060;926

1061;565

1062;584

1063;585

1064;603

1065;574

1066;626

1067;612

1068;662

1069;630

1070;649

1071;578

1072;577

1073;584

1074;563

1075;599

1076;635

1077;588

1078;615

1079;576

1080;611

1081;972

1082;725

1083;594

1084;594

1085;572

1086;625

1087;640

1088;626

1089;642

1090;643

1091;717

1092;725

1093;720

1094;638

1095;698

1096;709

1097;708

1098;649

1099;662

1100;636

1101;674

1102;629

1103;631

1104;728

1105;676

1106;666

1107;663

1108;702

1109;672

1110;684

1111;736

1112;746

1113;680

1114;653

1115;658

1116;716

1117;711

1118;640

1119;688

1120;716

1121;741

1122;680

1123;772

1124;694

1125;752

1126;783

1127;758

1128;706

1129;716

1130;781

1131;800

1132;763

1133;779

1134;806

1135;795

1136;793

1137;833

1138;811

1139;803

1140;837

1141;836

1142;887

1143;878

1144;897

1145;1072

1146;924

1147;884

1148;826

1149;838

1150;884

1151;914

1152;790

1153;784

1154;924

1155;796

1156;792

1157;750

1158;759

1159;739

1160;748

1161;791

1162;782

1163;778

1164;751

1165;831

1166;746

1167;757

1168;734

1169;741

1170;810

1171;729

1172;791

1173;733

1174;776

1175;732

1176;772

1177;746

1178;721

1179;744

1180;692

1181;688

1182;675

1183;768

1184;785

1185;707

1186;668

1187;712

1188;760

1189;754

1190;718

1191;684

1192;751

1193;692

1194;728

1195;756

1196;749

1197;741

1198;693

1199;734

1200;692

1201;796

1202;702

1203;726

1204;777

1205;660

1206;784

1207;686

1208;813

1209;707

1210;952

1211;714

1212;710

1213;710

1214;693

1215;834

1216;658

1217;703

1218;695

1219;696

1220;685

1221;712

1222;718

1223;843

1224;759

1225;685

1226;789

1227;680

1228;706

1229;802

1230;738

1231;692

1232;712

1233;715

1234;745

1235;830

1236;750

1237;765

1238;766

1239;747

1240;808

1241;837

1242;870

1243;789

1244;832

1245;886

1246;969

1247;968

1248;973

1249;1062

1250;1111

1251;1108

1252;1144

1253;1168

1254;1214

1255;1269

1256;1272

1257;1221

1258;1282

1259;1277

1260;1254

1261;1296

1262;1316

1263;1361

1264;1419

1265;1321

1266;1283

1267;1292

1268;1159

1269;1088

1270;950

1271;1078

1272;971

1273;969

1274;891

1275;984

1276;908

1277;908

1278;950

1279;852

1280;867

1281;848

1282;972

1283;761

1284;786

1285;795

1286;865

1287;817

1288;783

1289;806

1290;842

1291;825

1292;872

1293;872

1294;895

1295;851

1296;789

1297;808

1298;802

1299;919

1300;836

1301;864

1302;862

1303;870

1304;839

1305;885

1306;916

1307;861

1308;869

1309;898

1310;877

1311;890

1312;1050

1313;899

1314;902

1315;933

1316;918

1317;908

1318;978

1319;946

1320;930

1321;914

1322;947

1323;950

1324;934

1325;945

1326;938

1327;948

1328;974

1329;982

1330;973

1331;1019

1332;1117

1333;1106

1334;1079

1335;1106

1336;1149

1337;1312

1338;1154

1339;1208

1340;1638

1341;1211

1342;1102

1343;1129

1344;1041

1345;935

1346;971

1347;995

1348;998

1349;998

1350;1022

1351;1052

1352;942

1353;1048

1354;973

1355;1017

1356;1024

1357;996

1358;1028

1359;952

1360;1023

1361;1007

1362;948

1363;968

1364;1069

1365;969

1366;1007

1367;970

1368;934

1369;916

1370;930

1371;959

1372;977

1373;890

1374;912

1375;844

1376;944

1377;938

1378;853

1379;939

1380;862

1381;814

1382;847

1383;918

1384;813

1385;884

1386;881

1387;850

1388;825

1389;875

1390;868

1391;869

1392;831

1393;854

1394;853

1395;883

1396;1051

1397;932

1398;834

1399;893

1400;950

1401;865

1402;908

1403;892

1404;834

1405;858

1406;917

1407;862

1408;1076

1409;878

1410;956

1411;900

1412;965

1413;940

1414;927

1415;890

1416;931

1417;947

1418;966

1419;937

1420;1603

1421;946

1422;927

1423;931

1424;958

1425;966

1426;1032

1427;1178

1428;1191

1429;1112

1430;1094

1431;1108

1432;1125

1433;1054

1434;1158

1435;1022

1436;1009

1437;1002

1438;1009

1439;1058

1440;1040

1441;1048

1442;1053

1443;1140

1444;1067

1445;1190

1446;1102

1447;1155

1448;1156

1449;1142

1450;1271

1451;1201

1452;1152

1453;1183

1454;1187

1455;1156

1456;1134

1457;1106

1458;1145

1459;1170

1460;1293

1461;1180

1462;1174

1463;1060

1464;1042

1465;1072

1466;1142

1467;1013

1468;1050

1469;1022

1470;1019

1471;1046

1472;1020

1473;1039

1474;1032

1475;1010

1476;1051

1477;978

1478;1255

1479;954

1480;1015

1481;985

1482;1030

1483;1014

1484;1048

1485;964

1486;1038

1487;955

1488;1011

1489;1068

1490;1026

1491;1022

1492;982

1493;976

1494;966

1495;982

1496;1034

1497;964

1498;959

1499;1043

1500;963

1501;995

1502;955

1503;1044

1504;1014

1505;936

1506;994

1507;1025

1508;949

1509;948

1510;970

1511;960

1512;1050

1513;994

1514;978

1515;1017

1516;982

1517;1012

1518;992

1519;1017

1520;1036

1521;1964

1522;1059

1523;1019

1524;1065

1525;960

1526;1060

1527;1005

1528;971

1529;1020

1530;1054

1531;1210

1532;1034

1533;1043

1534;1055

1535;1049

1536;1080

1537;1038

1538;1040

1539;1138

1540;1035

1541;1038

1542;1062

1543;1092

1544;1079

1545;1148

1546;1097

1547;1124

1548;1128

1549;1090

1550;1151

1551;1161

1552;1144

1553;1078

1554;1202

1555;1088

1556;1086

1557;1566

1558;1102

1559;1052

1560;1073

1561;1155

1562;1068

1563;1097

1564;1107

1565;1139

1566;1090

1567;1045

1568;1108

1569;1074

1570;1136

1571;1118

1572;1068

1573;1096

1574;1052

1575;1134

1576;1100

1577;1071

1578;1108

1579;1057

1580;1051

1581;1066

1582;2167

1583;1070

1584;1006

1585;1001

1586;972

1587;985

1588;1107

1589;968

1590;1040

1591;982

1592;886

1593;1028

1594;963

1595;984

1596;960

1597;982

1598;1031

1599;1045

1600;1039

1601;954

1602;1010

1603;1016

1604;960

1605;1068

1606;1050

1607;1016

1608;1005

1609;995

1610;983

1611;1071

1612;1043

1613;992

1614;1056

1615;1245

1616;960

1617;1000

1618;998

1619;1206

1620;1030

1621;1031

1622;1029

1623;970

1624;972

1625;988

1626;1025

1627;979

1628;1188

1629;984

1630;1054

1631;1034

1632;960

1633;994

1634;1037

1635;1164

1636;917

1637;1014

1638;1028

1639;985

1640;1028

1641;947

1642;946

1643;1066

1644;998

1645;1047

1646;998

1647;1041

1648;990

1649;1045

1650;1065

1651;1080

1652;1068

1653;1030

1654;1058

1655;1065

1656;1046

1657;1080

1658;1084

1659;1032

1660;1091

1661;1027

1662;1134

1663;1060

1664;1046

1665;1295

1666;1006

1667;1044

1668;1152

1669;1025

1670;1191

1671;1134

1672;1138

1673;1121

1674;1326

1675;1110

1676;1134

1677;1099

1678;1131

1679;1073

1680;1134

1681;1108

1682;1181

1683;1189

1684;1153

1685;1138

1686;1073

1687;1102

1688;1078

1689;1156

1690;1098

1691;1152

1692;1116

1693;1316

1694;1174

1695;1269

1696;1206

1697;1184

1698;1356

1699;1467

1700;1111

1701;1130

1702;1163

1703;1135

1704;1160

1705;1149

1706;1157

1707;1229

1708;1188

1709;1165

1710;1193

1711;1175

1712;1211

1713;1258

1714;1195

1715;1241

1716;1231

1717;1389

1718;1274

1719;1227

1720;1254

1721;1328

1722;1297

1723;1352

1724;1286

1725;1294

1726;1302

1727;1263

1728;1398

1729;1438

1730;1555

1731;1320

1732;1396

1733;1425

1734;1385

1735;1357

1736;1428

1737;1433

1738;1472

1739;1399

1740;1448

1741;1430

1742;1482

1743;1526

1744;1414

1745;1501

1746;1547

1747;1474

1748;1490

1749;1491

1750;1521

1751;1562

1752;1494

1753;1545

1754;1530

1755;1418

1756;1584

1757;1499

1758;1522

1759;1474

1760;1510

1761;1540

1762;1482

1763;1494

1764;1480

1765;1570

1766;1544

1767;1472

1768;1510

1769;1442

1770;1448

1771;1432

1772;1536

1773;2118

1774;1426

1775;1524

1776;1444

1777;1646

1778;1472

1779;1542

1780;1410

1781;1512

1782;1486

1783;1493

1784;1444

1785;1492

1786;1732

1787;1536

1788;1587

1789;1636

1790;1655

1791;1625

1792;1634

1793;1614

1794;1576

1795;1536

1796;1502

1797;1510

1798;1591

1799;1457

1800;1507

1801;1454

1802;1485

1803;1472

1804;1510

1805;1484

1806;1458

1807;1673

1808;1511

1809;1521

1810;1534

1811;1604

1812;1523

1813;1584

1814;1541

1815;1530

1816;1574

1817;1546

1818;1590

1819;1612

1820;1707

1821;1618

1822;1633

1823;1735

1824;1675

1825;1877

1826;1707

1827;1766

1828;1730

1829;1845

1830;1844

1831;1816

1832;1885

1833;1874

1834;1898

1835;1898

1836;1962

1837;2109

1838;1990

1839;1983

1840;2057

1841;2114

1842;2131

1843;2120

1844;2222

1845;2441

1846;2276

1847;2247

1848;2238

1849;2243

1850;2407

1851;2415

1852;2392

1853;2468

1854;2508

1855;2539

1856;2604

1857;2696

1858;2702

1859;2721

1860;2782

1861;2802

1862;2882

1863;2920

1864;2950

1865;3035

1866;3046

1867;3029

1868;3102

1869;3145

1870;3155

1871;3244

1872;3261

1873;3301

1874;3487

1875;3432

1876;3405

1877;3494

1878;3498

1879;3535

1880;3625

1881;3757

1882;3756

1883;3765

1884;3841

1885;3945

1886;4083

1887;4165

1888;4186

1889;4302

1890;4295

1891;4203

1892;4037

1893;3641

1894;3263

1895;2605

1896;2041

1897;1400

1898;1086

1899;906

1900;757

1901;706

1902;656

1903;667

1904;646

1905;680

1906;637

1907;604

1908;603

1909;630

1910;614

1911;582

1912;660

1913;656

1914;678

1915;678

1916;722

1917;620

1918;738

1919;677

1920;720

1921;727

1922;680

1923;807

1924;705

1925;744

1926;772

1927;805

1928;994

1929;905

1930;907

1931;1025

1932;1067

1933;1197

1934;1400

1935;2070

1936;7796

1937;57027

1938;65535

1939;65535

1940;65535

1941;48111

1942;22599

1943;5270

1944;2006

1945;1462

1946;1221

1947;1099

1948;956

1949;991

1950;854

1951;799

1952;806

1953;798

1954;740

1955;828

1956;752

1957;779

1958;673

1959;637

1960;599

1961;647

1962;624

1963;667

1964;618

1965;614

1966;654

1967;600

1968;662

1969;537

1970;621

1971;600

1972;588

1973;616

1974;567

1975;585

1976;605

1977;657

1978;579

1979;544

1980;517

1981;552

1982;601

1983;593

1984;546

1985;576

1986;530

1987;553

1988;547

1989;571

1990;612

1991;564

1992;600

1993;549

1994;524

1995;562

1996;545

1997;546

1998;572

1999;579

2000;708

2001;530

2002;513

2003;512

2004;598

2005;607

2006;550

2007;704

2008;524

2009;578

2010;874

2011;672

2012;752

2013;585

2014;544

2015;632

2016;588

2017;749

2018;543

2019;558

2020;554

2021;527

2022;670

2023;563

2024;559

2025;623

2026;644

2027;517

2028;524

2029;536

2030;624

2031;583

2032;530

2033;536

2034;617

2035;491

2036;550

2037;583

2038;520

2039;524

2040;510

2041;528

2042;522

2043;542

2044;547

2045;632

2046;626

2047;510

