Data
0;471

1;314

2;304

3;291

4;299

5;521

6;538

7;498

8;502

9;514

10;561

11;558

12;510

13;500

14;527

15;562

16;598

17;632

18;546

19;601

20;535

21;494

22;517

23;536

24;520

25;502

26;528

27;640

28;514

29;585

30;519

31;534

32;523

33;541

34;673

35;548

36;565

37;646

38;578

39;555

40;510

41;510

42;520

43;535

44;561

45;514

46;632

47;595

48;662

49;542

50;1001

51;609

52;559

53;607

54;550

55;540

56;560

57;580

58;574

59;554

60;536

61;619

62;652

63;600

64;615

65;592

66;564

67;576

68;560

69;566

70;650

71;658

72;584

73;565

74;543

75;545

76;552

77;594

78;508

79;561

80;532

81;541

82;588

83;602

84;516

85;670

86;551

87;608

88;556

89;563

90;612

91;542

92;512

93;529

94;544

95;524

96;542

97;564

98;543

99;619

100;544

101;557

102;656

103;565

104;516

105;584

106;541

107;570

108;522

109;551

110;559

111;652

112;605

113;562

114;586

115;618

116;562

117;599

118;528

119;519

120;562

121;573

122;564

123;614

124;504

125;584

126;642

127;557

128;599

129;565

130;684

131;514

132;504

133;544

134;513

135;602

136;525

137;546

138;543

139;569

140;621

141;533

142;600

143;518

144;490

145;573

146;558

147;600

148;558

149;529

150;609

151;567

152;674

153;481

154;515

155;552

156;565

157;501

158;561

159;604

160;559

161;540

162;571

163;596

164;530

165;570

166;555

167;626

168;542

169;569

170;572

171;477

172;686

173;567

174;570

175;590

176;546

177;557

178;560

179;555

180;496

181;548

182;536

183;562

184;510

185;556

186;594

187;531

188;621

189;528

190;507

191;565

192;571

193;483

194;722

195;575

196;552

197;563

198;533

199;528

200;541

201;560

202;588

203;536

204;557

205;557

206;576

207;551

208;537

209;570

210;558

211;517

212;530

213;516

214;806

215;496

216;626

217;519

218;572

219;581

220;528

221;513

222;552

223;605

224;559

225;562

226;596

227;552

228;592

229;578

230;594

231;506

232;530

233;475

234;644

235;652

236;557

237;520

238;554

239;592

240;530

241;550

242;570

243;504

244;570

245;658

246;545

247;587

248;559

249;532

250;514

251;578

252;585

253;559

254;539

255;544

256;564

257;558

258;540

259;552

260;542

261;562

262;560

263;581

264;594

265;581

266;558

267;579

268;560

269;565

270;543

271;587

272;587

273;684

274;624

275;654

276;546

277;649

278;676

279;594

280;622

281;675

282;640

283;591

284;597

285;604

286;591

287;568

288;556

289;730

290;566

291;597

292;588

293;1718

294;556

295;588

296;610

297;538

298;526

299;587

300;577

301;577

302;664

303;566

304;570

305;595

306;646

307;575

308;633

309;764

310;602

311;615

312;571

313;609

314;660

315;1450

316;566

317;598

318;588

319;662

320;601

321;594

322;631

323;626

324;556

325;578

326;583

327;571

328;586

329;576

330;622

331;605

332;574

333;624

334;604

335;566

336;566

337;532

338;578

339;532

340;607

341;582

342;581

343;591

344;574

345;566

346;570

347;643

348;575

349;579

350;552

351;710

352;558

353;571

354;703

355;551

356;654

357;632

358;639

359;537

360;556

361;560

362;510

363;547

364;538

365;620

366;616

367;527

368;492

369;620

370;508

371;594

372;567

373;542

374;546

375;526

376;500

377;556

378;513

379;508

380;518

381;503

382;506

383;497

384;581

385;567

386;514

387;502

388;615

389;526

390;530

391;504

392;504

393;496

394;528

395;502

396;499

397;612

398;475

399;576

400;508

401;530

402;498

403;527

404;560

405;528

406;487

407;559

408;515

409;524

410;479

411;526

412;521

413;556

414;483

415;500

416;551

417;517

418;572

419;562

420;523

421;521

422;550

423;557

424;538

425;564

426;528

427;557

428;486

429;610

430;522

431;504

432;662

433;515

434;504

435;481

436;538

437;495

438;603

439;507

440;496

441;531

442;514

443;585

444;546

445;546

446;508

447;509

448;630

449;662

450;555

451;512

452;552

453;575

454;545

455;496

456;564

457;484

458;542

459;498

460;547

461;546

462;475

463;530

464;601

465;468

466;521

467;540

468;492

469;462

470;584

471;504

472;559

473;490

474;558

475;508

476;473

477;560

478;492

479;519

480;503

481;530

482;544

483;521

484;536

485;622

486;522

487;563

488;497

489;500

490;475

491;492

492;622

493;564

494;740

495;479

496;547

497;574

498;536

499;528

500;528

501;552

502;551

503;557

504;512

505;495

506;495

507;520

508;525

509;490

510;532

511;556

512;502

513;471

514;531

515;525

516;533

517;489

518;531

519;530

520;559

521;546

522;465

523;509

524;582

525;495

526;530

527;523

528;508

529;527

530;518

531;506

532;483

533;510

534;455

535;514

536;500

537;566

538;548

539;551

540;515

541;557

542;564

543;480

544;568

545;486

546;630

547;531

548;476

549;484

550;583

551;520

552;528

553;505

554;508

555;506

556;466

557;477

558;554

559;547

560;525

561;486

562;449

563;520

564;594

565;530

566;466

567;517

568;625

569;543

570;476

571;558

572;503

573;514

574;506

575;463

576;489

577;519

578;541

579;489

580;498

581;515

582;530

583;514

584;540

585;461

586;545

587;536

588;503

589;688

590;550

591;532

592;534

593;504

594;467

595;500

596;476

597;548

598;500

599;535

600;512

601;567

602;543

603;512

604;506

605;718

606;646

607;524

608;532

609;516

610;536

611;480

612;452

613;500

614;568

615;563

616;518

617;575

618;531

619;546

620;501

621;504

622;525

623;502

624;516

625;527

626;551

627;481

628;527

629;501

630;544

631;500

632;552

633;476

634;538

635;468

636;520

637;513

638;558

639;519

640;574

641;523

642;546

643;516

644;464

645;518

646;525

647;622

648;541

649;496

650;504

651;507

652;475

653;490

654;510

655;631

656;737

657;1107

658;478

659;484

660;569

661;538

662;534

663;455

664;477

665;517

666;498

667;523

668;504

669;549

670;503

671;538

672;472

673;509

674;519

675;516

676;544

677;626

678;470

679;498

680;525

681;506

682;500

683;532

684;454

685;481

686;472

687;483

688;488

689;488

690;466

691;541

692;455

693;564

694;492

695;508

696;500

697;524

698;477

699;674

700;515

701;477

702;509

703;526

704;498

705;524

706;494

707;526

708;518

709;570

710;530

711;512

712;532

713;552

714;710

715;467

716;518

717;536

718;498

719;536

720;513

721;508

722;508

723;508

724;442

725;525

726;514

727;552

728;465

729;501

730;480

731;505

732;501

733;505

734;558

735;495

736;556

737;522

738;573

739;573

740;488

741;555

742;497

743;482

744;498

745;477

746;566

747;486

748;479

749;484

750;531

751;508

752;536

753;497

754;526

755;485

756;461

757;554

758;517

759;920

760;534

761;523

762;534

763;510

764;507

765;478

766;554

767;508

768;619

769;490

770;493

771;526

772;468

773;528

774;594

775;535

776;632

777;509

778;476

779;560

780;565

781;549

782;484

783;550

784;524

785;514

786;484

787;473

788;518

789;495

790;1014

791;481

792;586

793;519

794;559

795;501

796;490

797;497

798;557

799;497

800;513

801;548

802;556

803;550

804;510

805;531

806;468

807;484

808;524

809;540

810;547

811;510

812;651

813;482

814;608

815;504

816;495

817;524

818;632

819;514

820;586

821;506

822;641

823;510

824;514

825;539

826;529

827;651

828;547

829;499

830;537

831;536

832;542

833;584

834;547

835;551

836;497

837;479

838;542

839;470

840;499

841;536

842;535

843;508

844;511

845;533

846;504

847;489

848;606

849;570

850;476

851;486

852;556

853;507

854;526

855;504

856;509

857;528

858;491

859;470

860;543

861;538

862;550

863;511

864;500

865;539

866;526

867;785

868;768

869;502

870;536

871;547

872;539

873;502

874;475

875;498

876;480

877;540

878;534

879;478

880;506

881;468

882;504

883;510

884;607

885;472

886;516

887;516

888;629

889;512

890;514

891;474

892;602

893;489

894;482

895;483

896;498

897;546

898;567

899;510

900;519

901;562

902;504

903;518

904;519

905;554

906;534

907;538

908;570

909;558

910;551

911;490

912;516

913;465

914;514

915;451

916;551

917;528

918;519

919;1130

920;558

921;546

922;508

923;539

924;513

925;533

926;481

927;533

928;517

929;532

930;557

931;523

932;572

933;529

934;539

935;554

936;543

937;589

938;556

939;566

940;484

941;1317

942;552

943;509

944;504

945;568

946;538

947;618

948;545

949;546

950;532

951;502

952;496

953;487

954;526

955;614

956;523

957;492

958;607

959;549

960;507

961;545

962;618

963;589

964;484

965;540

966;499

967;712

968;481

969;508

970;500

971;543

972;557

973;550

974;535

975;513

976;529

977;552

978;514

979;492

980;530

981;504

982;528

983;485

984;559

985;616

986;534

987;496

988;494

989;559

990;647

991;510

992;515

993;496

994;530

995;500

996;590

997;612

998;520

999;523

1000;513

1001;541

1002;524

1003;531

1004;570

1005;540

1006;555

1007;527

1008;514

1009;588

1010;502

1011;645

1012;484

1013;496

1014;567

1015;510

1016;580

1017;574

1018;596

1019;479

1020;504

1021;510

1022;516

1023;542

1024;540

1025;594

1026;542

1027;545

1028;489

1029;562

1030;514

1031;555

1032;579

1033;529

1034;558

1035;520

1036;485

1037;546

1038;532

1039;550

1040;533

1041;501

1042;582

1043;552

1044;539

1045;516

1046;592

1047;543

1048;532

1049;510

1050;493

1051;492

1052;488

1053;509

1054;510

1055;495

1056;507

1057;547

1058;519

1059;535

1060;880

1061;506

1062;512

1063;539

1064;549

1065;523

1066;555

1067;530

1068;614

1069;560

1070;587

1071;520

1072;524

1073;542

1074;502

1075;526

1076;550

1077;502

1078;546

1079;494

1080;546

1081;902

1082;664

1083;530

1084;517

1085;499

1086;534

1087;528

1088;519

1089;526

1090;516

1091;620

1092;582

1093;585

1094;510

1095;551

1096;580

1097;585

1098;521

1099;540

1100;542

1101;571

1102;521

1103;520

1104;634

1105;590

1106;568

1107;553

1108;602

1109;567

1110;594

1111;626

1112;621

1113;590

1114;518

1115;568

1116;595

1117;565

1118;542

1119;547

1120;590

1121;602

1122;546

1123;620

1124;554

1125;622

1126;612

1127;602

1128;546

1129;556

1130;604

1131;636

1132;589

1133;581

1134;574

1135;595

1136;589

1137;598

1138;600

1139;565

1140;591

1141;602

1142;610

1143;599

1144;590

1145;786

1146;618

1147;594

1148;588

1149;610

1150;639

1151;710

1152;571

1153;591

1154;711

1155;582

1156;583

1157;555

1158;574

1159;534

1160;557

1161;606

1162;583

1163;580

1164;563

1165;649

1166;576

1167;589

1168;557

1169;554

1170;651

1171;576

1172;602

1173;544

1174;602

1175;558

1176;600

1177;608

1178;546

1179;581

1180;549

1181;560

1182;544

1183;627

1184;619

1185;566

1186;515

1187;570

1188;609

1189;611

1190;558

1191;532

1192;594

1193;547

1194;600

1195;618

1196;605

1197;650

1198;558

1199;607

1200;527

1201;627

1202;558

1203;606

1204;659

1205;542

1206;677

1207;544

1208;677

1209;568

1210;812

1211;568

1212;590

1213;568

1214;559

1215;709

1216;538

1217;563

1218;544

1219;545

1220;543

1221;589

1222;571

1223;718

1224;606

1225;545

1226;646

1227;542

1228;585

1229;644

1230;581

1231;535

1232;566

1233;552

1234;568

1235;652

1236;598

1237;565

1238;579

1239;595

1240;610

1241;610

1242;630

1243;585

1244;579

1245;576

1246;625

1247;631

1248;571

1249;639

1250;641

1251;642

1252;646

1253;677

1254;659

1255;687

1256;717

1257;694

1258;672

1259;714

1260;650

1261;686

1262;712

1263;686

1264;740

1265;664

1266;669

1267;703

1268;654

1269;696

1270;608

1271;722

1272;669

1273;637

1274;598

1275;717

1276;609

1277;631

1278;695

1279;592

1280;634

1281;612

1282;751

1283;564

1284;596

1285;570

1286;656

1287;603

1288;546

1289;614

1290;625

1291;616

1292;634

1293;640

1294;677

1295;644

1296;573

1297;564

1298;579

1299;698

1300;583

1301;630

1302;610

1303;623

1304;602

1305;644

1306;668

1307;622

1308;620

1309;634

1310;634

1311;591

1312;782

1313;636

1314;605

1315;644

1316;663

1317;613

1318;640

1319;654

1320;613

1321;610

1322;628

1323;660

1324;621

1325;613

1326;632

1327;627

1328;618

1329;622

1330;608

1331;635

1332;720

1333;648

1334;630

1335;667

1336;664

1337;769

1338;640

1339;695

1340;1060

1341;683

1342;620

1343;735

1344;640

1345;592

1346;635

1347;654

1348;652

1349;662

1350;724

1351;733

1352;608

1353;653

1354;649

1355;652

1356;709

1357;671

1358;641

1359;616

1360;674

1361;668

1362;613

1363;618

1364;699

1365;634

1366;692

1367;676

1368;626

1369;625

1370;613

1371;670

1372;658

1373;588

1374;616

1375;579

1376;676

1377;723

1378;593

1379;709

1380;622

1381;584

1382;630

1383;656

1384;584

1385;622

1386;643

1387;594

1388;590

1389;638

1390;612

1391;619

1392;602

1393;620

1394;619

1395;613

1396;832

1397;706

1398;617

1399;681

1400;730

1401;615

1402;649

1403;646

1404;608

1405;584

1406;651

1407;625

1408;835

1409;596

1410;676

1411;634

1412;711

1413;660

1414;631

1415;615

1416;648

1417;663

1418;648

1419;629

1420;1212

1421;612

1422;659

1423;601

1424;645

1425;616

1426;688

1427;751

1428;753

1429;660

1430;689

1431;704

1432;686

1433;666

1434;792

1435;647

1436;621

1437;628

1438;629

1439;682

1440;660

1441;690

1442;667

1443;742

1444;653

1445;751

1446;672

1447;661

1448;655

1449;688

1450;786

1451;696

1452;682

1453;706

1454;718

1455;718

1456;672

1457;673

1458;692

1459;654

1460;781

1461;691

1462;683

1463;663

1464;662

1465;673

1466;739

1467;642

1468;661

1469;651

1470;670

1471;650

1472;645

1473;656

1474;663

1475;681

1476;684

1477;631

1478;903

1479;626

1480;720

1481;633

1482;686

1483;661

1484;705

1485;604

1486;673

1487;616

1488;686

1489;673

1490;638

1491;673

1492;660

1493;690

1494;644

1495;670

1496;734

1497;644

1498;656

1499;687

1500;654

1501;687

1502;654

1503;710

1504;680

1505;677

1506;665

1507;698

1508;653

1509;629

1510;645

1511;668

1512;719

1513;651

1514;657

1515;703

1516;672

1517;688

1518;650

1519;714

1520;706

1521;1636

1522;724

1523;703

1524;727

1525;638

1526;708

1527;636

1528;650

1529;638

1530;682

1531;857

1532;676

1533;697

1534;693

1535;701

1536;726

1537;658

1538;690

1539;752

1540;669

1541;648

1542;700

1543;687

1544;640

1545;700

1546;667

1547;666

1548;685

1549;667

1550;733

1551;744

1552;697

1553;671

1554;753

1555;660

1556;688

1557;1140

1558;671

1559;677

1560;694

1561;722

1562;674

1563;680

1564;734

1565;740

1566;706

1567;661

1568;716

1569;694

1570;749

1571;735

1572;717

1573;758

1574;706

1575;765

1576;746

1577;747

1578;806

1579;729

1580;733

1581;724

1582;1835

1583;774

1584;692

1585;705

1586;696

1587;688

1588;812

1589;710

1590;749

1591;710

1592;630

1593;727

1594;689

1595;707

1596;650

1597;706

1598;733

1599;784

1600;749

1601;661

1602;678

1603;721

1604;646

1605;744

1606;786

1607;725

1608;684

1609;688

1610;668

1611;756

1612;722

1613;641

1614;742

1615;925

1616;652

1617;684

1618;669

1619;862

1620;685

1621;725

1622;698

1623;679

1624;648

1625;680

1626;696

1627;688

1628;852

1629;684

1630;748

1631;695

1632;646

1633;707

1634;708

1635;846

1636;615

1637;696

1638;730

1639;662

1640;737

1641;678

1642;648

1643;757

1644;701

1645;739

1646;701

1647;731

1648;664

1649;700

1650;758

1651;766

1652;758

1653;696

1654;749

1655;738

1656;712

1657;757

1658;723

1659;671

1660;759

1661;694

1662;780

1663;728

1664;712

1665;954

1666;680

1667;711

1668;793

1669;717

1670;856

1671;764

1672;793

1673;778

1674;1017

1675;782

1676;777

1677;777

1678;764

1679;706

1680;801

1681;761

1682;833

1683;818

1684;764

1685;760

1686;705

1687;757

1688;730

1689;798

1690;725

1691;783

1692;725

1693;924

1694;799

1695;846

1696;828

1697;792

1698;1004

1699;1037

1700;730

1701;764

1702;787

1703;747

1704;795

1705;748

1706;751

1707;787

1708;767

1709;792

1710;797

1711;791

1712;806

1713;849

1714;777

1715;818

1716;829

1717;948

1718;863

1719;833

1720;814

1721;914

1722;901

1723;986

1724;906

1725;893

1726;878

1727;878

1728;985

1729;1078

1730;1191

1731;922

1732;972

1733;994

1734;947

1735;937

1736;1004

1737;938

1738;978

1739;964

1740;977

1741;1014

1742;996

1743;1096

1744;939

1745;1019

1746;1028

1747;1004

1748;1022

1749;1023

1750;1018

1751;1083

1752;1014

1753;1076

1754;1023

1755;951

1756;1093

1757;1050

1758;1056

1759;1000

1760;1026

1761;1077

1762;970

1763;1019

1764;1026

1765;1094

1766;1073

1767;1028

1768;1042

1769;936

1770;976

1771;988

1772;1082

1773;1648

1774;974

1775;1037

1776;974

1777;1212

1778;1032

1779;1052

1780;929

1781;1037

1782;1004

1783;1020

1784;983

1785;1026

1786;1207

1787;986

1788;1032

1789;1040

1790;1050

1791;1004

1792;1079

1793;1053

1794;1040

1795;996

1796;994

1797;961

1798;1063

1799;968

1800;968

1801;964

1802;962

1803;962

1804;964

1805;984

1806;946

1807;1128

1808;994

1809;1001

1810;999

1811;1049

1812;965

1813;1035

1814;969

1815;959

1816;976

1817;953

1818;1019

1819;1011

1820;1074

1821;1018

1822;1012

1823;1048

1824;993

1825;1160

1826;1008

1827;1038

1828;988

1829;1097

1830;1065

1831;1054

1832;1066

1833;1094

1834;1079

1835;1045

1836;1106

1837;1171

1838;1072

1839;1114

1840;1121

1841;1091

1842;1152

1843;1164

1844;1151

1845;1372

1846;1221

1847;1127

1848;1141

1849;1162

1850;1205

1851;1226

1852;1158

1853;1234

1854;1234

1855;1231

1856;1292

1857;1268

1858;1284

1859;1318

1860;1346

1861;1263

1862;1376

1863;1292

1864;1379

1865;1375

1866;1388

1867;1368

1868;1415

1869;1410

1870;1475

1871;1439

1872;1474

1873;1533

1874;1590

1875;1561

1876;1505

1877;1548

1878;1457

1879;1552

1880;1522

1881;1614

1882;1627

1883;1614

1884;1680

1885;1628

1886;1774

1887;1789

1888;1716

1889;1820

1890;1786

1891;1706

1892;1683

1893;1586

1894;1520

1895;1210

1896;1057

1897;826

1898;704

1899;696

1900;608

1901;621

1902;574

1903;631

1904;590

1905;614

1906;574

1907;534

1908;568

1909;594

1910;573

1911;543

1912;644

1913;619

1914;613

1915;616

1916;661

1917;605

1918;673

1919;616

1920;684

1921;701

1922;630

1923;735

1924;645

1925;685

1926;678

1927;714

1928;882

1929;819

1930;812

1931;905

1932;888

1933;1012

1934;1156

1935;1664

1936;5736

1937;41526

1938;65535

1939;65535

1940;52981

1941;36182

1942;17273

1943;4102

1944;1557

1945;1208

1946;1045

1947;957

1948;825

1949;913

1950;781

1951;726

1952;738

1953;719

1954;666

1955;775

1956;698

1957;708

1958;624

1959;610

1960;566

1961;625

1962;586

1963;636

1964;601

1965;572

1966;617

1967;560

1968;648

1969;514

1970;614

1971;594

1972;557

1973;610

1974;571

1975;579

1976;579

1977;656

1978;569

1979;538

1980;507

1981;534

1982;595

1983;570

1984;552

1985;548

1986;523

1987;532

1988;526

1989;542

1990;590

1991;578

1992;605

1993;527

1994;513

1995;553

1996;544

1997;514

1998;600

1999;561

2000;677

2001;522

2002;513

2003;521

2004;582

2005;595

2006;535

2007;670

2008;504

2009;563

2010;878

2011;659

2012;708

2013;579

2014;528

2015;622

2016;570

2017;734

2018;553

2019;532

2020;537

2021;542

2022;690

2023;558

2024;551

2025;623

2026;644

2027;502

2028;517

2029;527

2030;626

2031;567

2032;527

2033;510

2034;604

2035;480

2036;558

2037;576

2038;522

2039;506

2040;509

2041;542

2042;534

2043;535

2044;550

2045;610

2046;620

2047;513

